# oST version 5.0 parameters


[image]

width
1600

height
1200

[narrow_stereo/left]

camera matrix
1339.248848 0.000000 808.778714
0.000000 1351.439390 564.966546
0.000000 0.000000 1.000000

distortion
0.082618 -0.183817 -0.002298 0.006434 0.000000

rectification
1.000000 0.000000 0.000000
0.000000 1.000000 0.000000
0.000000 0.000000 1.000000

projection
1346.042480 0.000000 818.092376 0.000000
0.000000 1366.498657 562.192847 0.000000
0.000000 0.000000 1.000000 0.000000

