ARTOOLKIT CONFIG: v4l2src device=/dev/video0 use-fixed-fps=false ! ffmpegcolorspace ! capsfilter caps=video/x-raw-rgb,bpp=24,width=640,height=480 ! identity name=artoolkit ! fakesink
Using config string from environment [v4l2src device=/dev/video0 use-fixed-fps=false ! ffmpegcolorspace ! capsfilter caps=video/x-raw-rgb,bpp=24,width=640,height=480 ! identity name=artoolkit ! fakesink].
libARvideo: GStreamer 0.10.36
libARvideo: GStreamer pipeline is PAUSED!
libARvideo: GStreamer negotiated 640x480
libARvideo: GStreamer pipeline is PLAYING!
libARvideo: GStreamer pipeline is PAUSED!
Image size (x,y) = (640,480)
*** Camera Parameter ***
--------------------------------------
SIZE = 640, 480
Distortion factor = 298.003948 229.072424 -28.403750 1.000000
527.85762 0.00000 289.93609 0.00000 
0.00000 539.28218 227.81849 0.00000 
0.00000 0.00000 1.00000 0.00000 
--------------------------------------
libARvideo: GStreamer pipeline is PLAYING!
TRANSFORMATION OF OBJECT 0
0.0514673 -0.998618 0.0106288 806.76 
-0.996546 -0.0506601 0.0658029 910.076 
-0.0651735 -0.0139787 -0.997776 2424.57 
TRANSFORMATION OF OBJECT 0
0.0586169 -0.997673 0.0348259 800.16 
-0.996301 -0.0562694 0.0649409 902.277 
-0.0628302 -0.0385038 -0.997281 2404.14 
TRANSFORMATION OF OBJECT 0
0.055245 -0.998439 0.00820402 817.693 
-0.997608 -0.0548534 0.0420591 922.279 
-0.0415434 -0.010508 -0.999081 2457.04 
TRANSFORMATION OF OBJECT 0
0.061141 -0.996512 0.0567972 793.719 
-0.995512 -0.0567639 0.0757208 895.168 
-0.0722326 -0.061172 -0.99551 2384.97 
TRANSFORMATION OF OBJECT 0
0.0572667 -0.997062 0.050876 785.465 
-0.992692 -0.0514455 0.109164 885.845 
-0.106226 -0.0567557 -0.992721 2360.11 
TRANSFORMATION OF OBJECT 0
0.0591546 -0.997613 0.0356251 798.871 
-0.996057 -0.0566234 0.0682965 900.837 
-0.0661162 -0.0395246 -0.997029 2399.89 
TRANSFORMATION OF OBJECT 0
0.0539535 -0.997881 0.0363605 792.329 
-0.995432 -0.0508771 0.0807936 893.589 
-0.0787725 -0.0405535 -0.996067 2380.65 
TRANSFORMATION OF OBJECT 0
0.0608319 -0.997644 0.0317046 808.491 
-0.997531 -0.0596465 0.0370833 911.672 
-0.0351049 -0.0338821 -0.998809 2428.61 
TRANSFORMATION OF OBJECT 0
0.0577272 -0.998107 0.0212313 808.912 
-0.997346 -0.0567121 0.0456524 912.269 
-0.0443619 -0.0238103 -0.998732 2430.25 
TRANSFORMATION OF OBJECT 0
0.0551676 -0.998279 0.0198826 812.708 
-0.997685 -0.0543199 0.0409155 916.522 
-0.0397651 -0.0220938 -0.998965 2441.48 
TRANSFORMATION OF OBJECT 0
0.0514384 -0.998312 0.026974 794.66 
-0.995655 -0.0491649 0.0790766 896.548 
-0.0776169 -0.0309244 -0.996504 2387.82 
TRANSFORMATION OF OBJECT 0
0.0579324 -0.997845 0.0308103 804.705 
-0.997058 -0.0562801 0.0520322 907.504 
-0.0501861 -0.033734 -0.99817 2417.67 
TRANSFORMATION OF OBJECT 0
0.055997 -0.9978 0.0354916 800.73 
-0.996859 -0.0538795 0.058044 903.008 
-0.056004 -0.0386304 -0.997683 2405.67 
TRANSFORMATION OF OBJECT 0
0.0502401 -0.998672 0.0114149 805.6 
-0.99622 -0.0492993 0.0715178 908.769 
-0.0708601 -0.0149648 -0.997374 2420.69 
TRANSFORMATION OF OBJECT 0
0.0514471 -0.998653 0.0066949 812.766 
-0.997513 -0.0510627 0.0485811 916.7 
-0.0481738 -0.00917761 -0.998797 2442.04 
TRANSFORMATION OF OBJECT 0
0.0624534 -0.997647 0.0282704 813.891 
-0.997793 -0.0617719 0.0243707 917.419 
-0.022567 -0.0297301 -0.999303 2444.61 
TRANSFORMATION OF OBJECT 0
0.0522811 -0.998614 0.00600282 812.932 
-0.997199 -0.0518831 0.0538775 916.825 
-0.0534914 -0.00880278 -0.99853 2442.28 
TRANSFORMATION OF OBJECT 0
0.0637802 -0.9974 0.0335605 812.065 
-0.99776 -0.0630507 0.0223645 915.464 
-0.0201904 -0.0349117 -0.999186 2439.04 
TRANSFORMATION OF OBJECT 0
0.0566957 -0.998036 0.0266418 808.738 
-0.997228 -0.0553215 0.049757 912.108 
-0.0481854 -0.029389 -0.998406 2429.68 
TRANSFORMATION OF OBJECT 0
0.0520245 -0.998396 0.0223361 800.347 
-0.996101 -0.0502834 0.0724828 902.657 
-0.0712434 -0.0260199 -0.99712 2404.84 
TRANSFORMATION OF OBJECT 0
0.0512986 -0.998643 -0.00898262 822.569 
-0.998019 -0.0515905 0.0360142 927.487 
-0.0364287 0.00711735 -0.999311 2470.96 
TRANSFORMATION OF OBJECT 0
0.062625 -0.997157 0.0419137 804.935 
-0.997443 -0.0610838 0.0370932 907.679 
-0.0344275 -0.0441294 -0.998432 2417.79 
TRANSFORMATION OF OBJECT 0
0.0482878 -0.998828 0.00325429 807.624 
-0.996832 -0.0479846 0.0634336 911.051 
-0.0632031 -0.00630704 -0.997981 2426.6 
TRANSFORMATION OF OBJECT 0
0.0583118 -0.997903 0.0281114 811.725 
-0.997482 -0.0571024 0.0420593 914.997 
-0.0403658 -0.0304932 -0.99872 2438.1 
TRANSFORMATION OF OBJECT 0
0.0527888 -0.998277 0.0256352 801.657 
-0.996754 -0.0511112 0.062197 904.062 
-0.0607795 -0.0288353 -0.997735 2408.33 
TRANSFORMATION OF OBJECT 0
0.0618804 -0.997886 0.0198484 820.668 
-0.997961 -0.0615488 0.016903 925.285 
-0.0156456 -0.0208539 -0.99966 2464.96 
TRANSFORMATION OF OBJECT 0
0.0616499 -0.998041 0.0106309 822.07 
-0.998096 -0.0616277 0.00240352 926.642 
-0.00174366 -0.0107588 -0.999941 2468.87 
TRANSFORMATION OF OBJECT 0
0.0600644 -0.998058 0.0164849 821.221 
-0.998191 -0.0600111 0.00371363 925.762 
-0.00271714 -0.0166782 -0.999857 2466.29 
TRANSFORMATION OF OBJECT 0
0.0518853 -0.998592 0.0110333 812.065 
-0.997153 -0.051199 0.0553498 915.879 
-0.0547069 -0.0138737 -0.998406 2439.62 
TRANSFORMATION OF OBJECT 0
0.0610838 -0.997706 0.0291698 814.388 
-0.997746 -0.0602201 0.0296218 918.221 
-0.0277973 -0.0309135 -0.999135 2446.17 
TRANSFORMATION OF OBJECT 0
0.052781 -0.998479 0.0159287 817.867 
-0.997737 -0.052063 0.0425454 922.322 
-0.0416514 -0.0181383 -0.998968 2456.6 
TRANSFORMATION OF OBJECT 0
0.0474972 -0.99884 0.00788089 810.729 
-0.996979 -0.0469204 0.0618966 914.356 
-0.061455 -0.010797 -0.998051 2435.84 
TRANSFORMATION OF OBJECT 0
0.0613112 -0.99745 0.0365191 811.238 
-0.997808 -0.0603376 0.0271917 914.69 
-0.0249189 -0.0381062 -0.998963 2436.59 
