Camera 1
-0.0391059286137522	-0.938849128402475	0.342100921432798	622.712291666667
-0.923936488122798	-0.0964092222216642	-0.370198092628695	323.127888888889
0.380541840357360	-0.330556464115478	-0.863666794411425	2812.90791666666
0	0	0	1

Camera 2
-0.0435774367920884	0.958351739652112	0.282246257917447	401.845230769231
0.992271364262634	0.00866391138530340	0.123783990499090	927.357769230769
0.116183246068453	0.285459068423615	-0.951322539198835	2760.08000000000
0	0	0	1

Camera 3
-0.0576760330998542	0.989941719862070	0.129185395778283	598.725891891892
0.997829443963555	0.0612811588211159	-0.0241043633586055	-481.236216216216
-0.0317785456754558	0.127514747578734	-0.991327450030859	2735.81675675676
0	0	0	1

Camera 4
0.0561069681573992	-0.974509173994876	0.217218502720210	808.095625000000
-0.997215553894578	-0.0439924013295892	0.0602146800704392	911.289968750000
-0.0491237945899295	-0.219992132643605	-0.974263985981215	2427.69312500000
0	0	0	1
