Camera 1
-0.0391059286137515	-0.995400853926862	0.0874520803007638	622.712291666667
-0.923936488122798	0.00269015919658571	-0.382536441347498	323.127888888889
0.380541840357360	-0.0957596107196144	-0.919792370425120	2812.90791666666
0	0	0	1

Camera 2
-0.0435774367920881	0.958351739652112	0.282246257917446	401.845230769231
0.992271364262634	0.00866391138530286	0.123783990499091	927.357769230769
0.116183246068454	0.285459068423614	-0.951322539198835	2760.08000000000
0	0	0	1

Camera 3
-0.0576760330998557	0.989941719862070	0.129185395778281	598.725891891892
0.997829443963555	0.0612811588211175	-0.0241043633586068	-481.236216216216
-0.0317785456754572	0.127514747578732	-0.991327450030859	2735.81675675676
0	0	0	1

Camera 4
0.0561069681573993	-0.998161481115632	0.0229274015368795	808.095625000000
-0.997215553894578	-0.0548944009986928	0.0504751801356241	911.289968750000
-0.0491237945899293	-0.0256955707475712	-0.998462112675811	2427.69312500000
0	0	0	1

