image_width: 1600
image_height: 1200
camera_name: narrow_stereo/left
camera_matrix:
  rows: 3
  cols: 3
  data: [1374.750678, 0, 749.390051, 0, 1399.512957, 544.30375, 0, 0, 1]
distortion_model: plumb_bob
distortion_coefficients:
  rows: 1
  cols: 5
  data: [0.040684, -0.088738, -0.007345, -0.009519, 0]
rectification_matrix:
  rows: 3
  cols: 3
  data: [1, 0, 0, 0, 1, 0, 0, 0, 1]
projection_matrix:
  rows: 3
  cols: 4
  data: [1378.531616, 0, 733.457132, 0, 0, 1412.40625, 535.836182, 0, 0, 0, 1, 0]