image_width: 1600
image_height: 1200
camera_name: narrow_stereo/left
camera_matrix:
  rows: 3
  cols: 3
  data: [1326.164965, 0, 790.254409, 0, 1337.423175, 593.441946, 0, 0, 1]
distortion_model: plumb_bob
distortion_coefficients:
  rows: 1
  cols: 5
  data: [0.051683, -0.121824, -0.00317, -0.000556, 0]
rectification_matrix:
  rows: 3
  cols: 3
  data: [1, 0, 0, 0, 1, 0, 0, 0, 1]
projection_matrix:
  rows: 3
  cols: 4
  data: [1329.251587, 0, 788.645818, 0, 0, 1343.723877, 590.294897, 0, 0, 0, 1, 0]