image_width: 1600
image_height: 1200
camera_name: narrow_stereo/left
camera_matrix:
  rows: 3
  cols: 3
  data: [1327.140344, 0, 745.00987, 0, 1336.574999, 572.681061, 0, 0, 1]
distortion_model: plumb_bob
distortion_coefficients:
  rows: 1
  cols: 5
  data: [0.045446, -0.124696, -0.002311, -0.011698, 0]
rectification_matrix:
  rows: 3
  cols: 3
  data: [1, 0, 0, 0, 1, 0, 0, 0, 1]
projection_matrix:
  rows: 3
  cols: 4
  data: [1319.644043, 0, 724.84022, 0, 0, 1348.205444, 569.546224, 0, 0, 0, 1, 0]