TRANSFORMATION OF OBJECT 0
-0.897004 0.440907 -0.0313868 -424.817 
0.263074 0.475451 -0.839487 -35.8484 
-0.355213 -0.76128 -0.542473 1329.19 
TRANSFORMATION OF OBJECT 0
-0.89741 0.440246 -0.0289587 -425.741 
0.261415 0.477705 -0.838725 -35.9804 
-0.355412 -0.760251 -0.543784 1332.07 
TRANSFORMATION OF OBJECT 0
-0.89741 0.440246 -0.0289587 -425.741 
0.261415 0.477705 -0.838725 -35.9804 
-0.355412 -0.760251 -0.543784 1332.07 
TRANSFORMATION OF OBJECT 0
-0.899112 0.43652 -0.0323677 -425.539 
0.261542 0.476464 -0.839391 -35.9053 
-0.350989 -0.763172 -0.542563 1331.44 
TRANSFORMATION OF OBJECT 0
-0.899109 0.436556 -0.0319717 -423.95 
0.260535 0.475029 -0.840517 -35.7627 
-0.351746 -0.764046 -0.540841 1326.31 
TRANSFORMATION OF OBJECT 0
-0.897004 0.440907 -0.0313868 -424.817 
0.263074 0.475451 -0.839487 -35.8484 
-0.355213 -0.76128 -0.542473 1329.19 
TRANSFORMATION OF OBJECT 0
-0.897994 0.438944 -0.0305747 -425.964 
0.261744 0.477037 -0.839003 -35.9679 
-0.35369 -0.761422 -0.543267 1332.77 
TRANSFORMATION OF OBJECT 0
-0.898847 0.437072 -0.0322696 -423.851 
0.261265 0.475267 -0.840156 -35.7307 
-0.351872 -0.763603 -0.541384 1326.07 
TRANSFORMATION OF OBJECT 0
-0.898265 0.438279 -0.0321198 -424.949 
0.262605 0.476735 -0.838906 -35.8698 
-0.352362 -0.761994 -0.543328 1329.74 
TRANSFORMATION OF OBJECT 0
-0.897004 0.440907 -0.0313868 -424.817 
0.263074 0.475451 -0.839487 -35.8484 
-0.355213 -0.76128 -0.542473 1329.19 
TRANSFORMATION OF OBJECT 0
-0.897004 0.440907 -0.0313868 -424.817 
0.263074 0.475451 -0.839487 -35.8484 
-0.355213 -0.76128 -0.542473 1329.19 
TRANSFORMATION OF OBJECT 0
-0.897004 0.440907 -0.0313868 -424.817 
0.263074 0.475451 -0.839487 -35.8484 
-0.355213 -0.76128 -0.542473 1329.19 
TRANSFORMATION OF OBJECT 0
-0.897004 0.440907 -0.0313868 -424.817 
0.263074 0.475451 -0.839487 -35.8484 
-0.355213 -0.76128 -0.542473 1329.19 
TRANSFORMATION OF OBJECT 0
-0.897004 0.440907 -0.0313868 -424.817 
0.263074 0.475451 -0.839487 -35.8484 
-0.355213 -0.76128 -0.542473 1329.19 
TRANSFORMATION OF OBJECT 0
-0.897004 0.440907 -0.0313868 -424.817 
0.263074 0.475451 -0.839487 -35.8484 
-0.355213 -0.76128 -0.542473 1329.19 
TRANSFORMATION OF OBJECT 0
-0.898347 0.438294 -0.0294995 -425.707 
0.260741 0.477972 -0.838783 -35.8998 
-0.353534 -0.76121 -0.543666 1332.1 
TRANSFORMATION OF OBJECT 0
-0.897004 0.440907 -0.0313868 -424.817 
0.263074 0.475451 -0.839487 -35.8484 
-0.355213 -0.76128 -0.542473 1329.19
