image_width: 1600
image_height: 1200
camera_name: narrow_stereo/left
camera_matrix:
  rows: 3
  cols: 3
  data: [1336.140857, 0, 774.318646, 0, 1347.151604, 570.43285, 0, 0, 1]
distortion_model: plumb_bob
distortion_coefficients:
  rows: 1
  cols: 5
  data: [0.056934, -0.201854, -0.002387, -0.006623, 0]
rectification_matrix:
  rows: 3
  cols: 3
  data: [1, 0, 0, 0, 1, 0, 0, 0, 1]
projection_matrix:
  rows: 3
  cols: 4
  data: [1324.93811, 0, 761.660604, 0, 0, 1351.87561, 567.552007, 0, 0, 0, 1, 0]