// Configuration File
//
// This file is used by camProcess and camCentralProcessMain
// 

// ### Adding new object to the scene ###
// Make changes to: num_object, object_name, marker_id, T_sprite

// These are configuration parametes that are used by camera processes and central process.
{
	// Number of cameras used
	"num_cameras" : 6,
	
	// Number of tags
	"num_objects" : 5,
	
	// Object names. The pose data for markers is sent in same order on the
    // ACH channel
    // first should always be "robot"
	"object_name" : ["robot", "table", "chair1", "chair2", "sqTable"],
	
	// Marker IDs (in same order as object names)
    // first one should always be marker id of robot (krang)
	"marker_id" : [2, 6, 5, 3, 4],

    // Length of edge of AR marker in cms
	"marker_size" : 20.32,

    // Set resolution in pixels. Some of possible values are 640x480, 960x720 
    // and others.
    "width" : 640,
    "height" : 480,

	// Calibration files for camera processes
	"cam_calib_name" : ["Data/camCalib0.xml",
	                    "Data/camCalib1.xml",
	                    "Data/camCalib2.xml",
	                    "Data/camCalib3.xml",
                        "Data/camCalib4.xml",
                        "Data/camCalib5.xml"],

	// Camera channel names for camera processes to publish data
	"cam_channel_name" : ["cam0_channel",  // CAM ID 0
	                      "cam1_channel",  // CAM ID 1
	                      "cam2_channel",  // CAM ID 2
	                      "cam3_channel",  // CAM ID 3
                          "cam4_channel",  // CAM ID 4
                          "cam5_channel"], // CAM ID 5

	// Perception channel name
	// "perception_channel" : "krang_vision",
    "vision_obj_poses_channel" : "vision_obj_poses",
    "vision_krang_pose_channel" : "vision_krang_pose",

	
	// Debug channel name
	"debug_channel" : "debug_channel",

// Global to camera transformation matrices
// x, y, z in last columns are in cms.
"T_global2cam" : // i.e T_cam_global
[
   [   // camera 0
       [0.999381, -0.028928, -0.020026, 92.521101] ,
       [-0.020828, -0.945170, 0.325917, 179.857831] ,
       [-0.028356, -0.325299, -0.945186, 253.626623] ,
       [0.000000, 0.000000, 0.000000, 1.000000] 
   ],
   [   // camera 1
       [0.999505, 0.016932, 0.026534, -77.284853] ,
       [0.008596, -0.957780, 0.287377, 189.972723] ,
       [0.030279, -0.287006, -0.957451, 254.220313] ,
       [0.000000, 0.000000, 0.000000, 1.000000] 
   ],
   [   // camera 2
       [0.997353, 0.019878, -0.069942, 89.813900] ,
       [0.014115, -0.996537, -0.081944, 63.284100] ,
       [-0.071328, 0.080740, -0.994180, 170.636000] ,
       [0.000000, 0.000000, 0.000000, 1.000000] 
   ],
   [   // camera 3
       [0.999564, -0.001481, 0.029492, -72.139300] ,
       [0.000834, -0.996927, -0.078326, 61.545900] ,
       [0.029518, 0.078316, -0.996491, 176.795000] ,
       [0.000000, 0.000000, 0.000000, 1.000000] 
   ],
   [   // camera 4
       [0.999503, 0.013075, 0.028674, 80.819800] ,
       [0.024798, -0.887789, -0.459582, -58.392500] ,
       [0.019447, 0.460065, -0.887672, 242.409000] ,
       [0.000000, 0.000000, 0.000000, 1.000000] 
   ],
   [   // camera 5
       [0.999611, 0.027382, -0.005376, -68.382300] ,
       [0.023695, -0.934661, -0.354749, -82.773300] ,
       [-0.014739, 0.354483, -0.934946, 231.762000] ,
       [0.000000, 0.000000, 0.000000, 1.000000] 
   ]
],

    /* World Customization */

    // Transform from world origin to global origin (pose of global frame 
    // origin relative to world origin). The global origin corresponds to pose
    // of global marker used during extrinsic camera calibration. This is used to 
    // transform marker poses reported by each camera to pose in world frame.
    // x, y, z in last column are in meters.
    "T_global2world" : 
    [
        [1, 0, 0, 2.795],
        [0, 1, 0, 3.2425],
        [0, 0, 1, 0],
        [0, 0, 0, 1]
    ],

	// Pose of object in the marker frame. Once the markers are fixed to the
    // object, these matrices need to be configured. These are used to get 
    // object pose from marker pose. Object frame is defined by 2D object model
    // used in the simulator.
    // x, y, z in last column are in meters.
    "T_sprite" : 
    [
	    [ 
          [1, 0, 0, 0.18],  
	        [0, 1, 0, -0.02],
	        [0, 0, 1, 0],
	        [0, 0, 0, 1] 
      ],	// Robot
	    [ 
          [0, -1, 0, 0.30],  
	        [1, 0, 0, -0.91],
	        [0, 0, 1, 0],
	        [0, 0, 0, 1] 
      ],	// Table
	    [ 
          [0, -1, 0, 0.3],  // [0, -1, 0, 0.50] <-- bubble-back boomdp model
	        [1, 0, 0, -0.24],  // [1, 0, 0, -0.25] <-- bubble-back boomdp model
	        [0, 0, 1, 0],
	        [0, 0, 0, 1] 
      ],	// Chair
      [ 
          [0, -1, 0, 0.3],  // [0, -1, 0, 0.50] <-- bubble-back boomdp model
	        [1, 0, 0, -0.24],  // [1, 0, 0, -0.25] <-- bubble-back boomdp model
          [0, 0, 1, 0],
          [0, 0, 0, 1] 
      ],   // Chair
      [ 
          [0, -1, 0, 0.43],  
          [1, 0, 0, -0.43],
          [0, 0, 1, 0],
          [0, 0, 0, 1] 
      ]  // sqTable
    ]
}
