<?xml version="1.0"?>
<opencv_storage>
<intrinsic_matrix type_id="opencv-matrix">
  <rows>3</rows>
  <cols>3</cols>
  <dt>d</dt>
  <data>
    4.2935418726026239e+02 0. 2.7193039459421868e+02 0.
    4.2614921891415332e+02 2.3041830932729707e+02 0. 0. 1.</data></intrinsic_matrix>
<distortion type_id="opencv-matrix">
  <rows>4</rows>
  <cols>1</cols>
  <dt>d</dt>
  <data>
    -1.6703629419751154e-01 4.6815690218728841e-02
    -3.9485213772156172e-03 -8.2337973011141641e-03</data></distortion>
<width>640</width>
<height>480</height>
</opencv_storage>
