<?xml version="1.0"?>
<opencv_storage>
<intrinsic_matrix type_id="opencv-matrix">
  <rows>3</rows>
  <cols>3</cols>
  <dt>d</dt>
  <data>
    4.7152554819665147e+02 0. 3.2787719240294092e+02 0.
    4.7065027838053754e+02 2.4456199033161070e+02 0. 0. 1.</data></intrinsic_matrix>
<distortion type_id="opencv-matrix">
  <rows>4</rows>
  <cols>1</cols>
  <dt>d</dt>
  <data>
    9.1716400490403716e-01 -2.1037231050991551e+01
    -4.4924678140577734e-03 1.6383361220715830e-02</data></distortion>
<width>640</width>
<height>480</height>
</opencv_storage>
