-0.224655 0.973019 -0.0525722 -334.696 
0.766954 0.143282 -0.625501 560.75 
-0.601092 -0.180843 -0.77845 1885.78 
TRANSFORMATION OF OBJECT 0
-0.230461 0.971148 -0.0613159 -336.034 
0.772492 0.144273 -0.618418 562.742 
-0.591729 -0.189887 -0.783454 1892.43 
TRANSFORMATION OF OBJECT 0
-0.221694 0.974245 -0.0412095 -335.65 
0.768777 0.148628 -0.622006 562.244 
-0.599861 -0.169576 -0.781927 1890.78 
TRANSFORMATION OF OBJECT 0
-0.225802 0.971961 -0.0656167 -335.853 
0.770473 0.136963 -0.622585 562.557 
-0.596141 -0.191137 -0.779796 1891.78 
TRANSFORMATION OF OBJECT 0
-0.225802 0.971961 -0.0656167 -335.853 
0.770473 0.136963 -0.622585 562.557 
-0.596141 -0.191137 -0.779796 1891.78 
TRANSFORMATION OF OBJECT 0
-0.224655 0.973019 -0.0525722 -334.696 
0.766954 0.143282 -0.625501 560.75 
-0.601092 -0.180843 -0.77845 1885.78 
TRANSFORMATION OF OBJECT 0
-0.224655 0.973019 -0.0525722 -334.696 
0.766954 0.143282 -0.625501 560.75 
-0.601092 -0.180843 -0.77845 1885.78 
TRANSFORMATION OF OBJECT 0
-0.230461 0.971148 -0.0613159 -336.034 
0.772492 0.144273 -0.618418 562.742 
-0.591729 -0.189887 -0.783454 1892.43 
TRANSFORMATION OF OBJECT 0
-0.22347 0.972464 -0.0661493 -336.063 
0.772593 0.135346 -0.620307 562.893 
-0.594273 -0.189727 -0.781564 1892.87 
TRANSFORMATION OF OBJECT 0
-0.224655 0.973019 -0.0525722 -334.696 
0.766954 0.143282 -0.625501 560.75 
-0.601092 -0.180843 -0.77845 1885.78 
TRANSFORMATION OF OBJECT 0
-0.225802 0.971961 -0.0656167 -335.853 
0.770473 0.136963 -0.622585 562.557 
-0.596141 -0.191137 -0.779796 1891.78 
TRANSFORMATION OF OBJECT 0
-0.225802 0.971961 -0.0656167 -335.853 
0.770473 0.136963 -0.622585 562.557 
-0.596141 -0.191137 -0.779796 1891.78 
TRANSFORMATION OF OBJECT 0
-0.224655 0.973019 -0.0525722 -334.696 
0.766954 0.143282 -0.625501 560.75 
-0.601092 -0.180843 -0.77845 1885.78 
TRANSFORMATION OF OBJECT 0
-0.224655 0.973019 -0.0525722 -334.696 
0.766954 0.143282 -0.625501 560.75 
-0.601092 -0.180843 -0.77845 1885.78 

