TRANSFORMATION OF OBJECT 0
-0.224073 0.973974 -0.0341313 -331.585 
0.75689 0.151855 -0.635656 554.724 
-0.613929 -0.168267 -0.771218 1866.56 
TRANSFORMATION OF OBJECT 0
-0.226884 0.972178 -0.0582554 -335.22 
0.779739 0.145482 -0.608969 560.953 
-0.583551 -0.183589 -0.791052 1887.24 
TRANSFORMATION OF OBJECT 0
-0.224073 0.973974 -0.0341313 -331.585 
0.75689 0.151855 -0.635656 554.724 
-0.613929 -0.168267 -0.771218 1866.56 
TRANSFORMATION OF OBJECT 0
-0.224073 0.973974 -0.0341313 -331.585 
0.75689 0.151855 -0.635656 554.724 
-0.613929 -0.168267 -0.771218 1866.56 
TRANSFORMATION OF OBJECT 0
-0.23294 0.97238 -0.0146835 -333.973 
0.77229 0.175789 -0.610463 558.875 
-0.591021 -0.153541 -0.791908 1880.34 
TRANSFORMATION OF OBJECT 0
-0.228165 0.972618 -0.0442196 -336.152 
0.780834 0.155667 -0.605034 562.592 
-0.581583 -0.172576 -0.794971 1892.6 
TRANSFORMATION OF OBJECT 0
-0.226813 0.973921 -0.0057967 -338.366 
0.782786 0.178752 -0.596066 566.319 
-0.579485 -0.139733 -0.802915 1905.29 
TRANSFORMATION OF OBJECT 0
-0.226884 0.972178 -0.0582554 -335.22 
0.779739 0.145482 -0.608969 560.953 
-0.583551 -0.183589 -0.791052 1887.24 
TRANSFORMATION OF OBJECT 0
-0.228165 0.972618 -0.0442196 -336.152 
0.780834 0.155667 -0.605034 562.592 
-0.581583 -0.172576 -0.794971 1892.6 
TRANSFORMATION OF OBJECT 0
-0.226884 0.972178 -0.0582554 -335.22 
0.779739 0.145482 -0.608969 560.953 
-0.583551 -0.183589 -0.791052 1887.24 
TRANSFORMATION OF OBJECT 0
-0.228165 0.972618 -0.0442196 -336.152 
0.780834 0.155667 -0.605034 562.592 
-0.581583 -0.172576 -0.794971 1892.6 
TRANSFORMATION OF OBJECT 0
-0.228165 0.972618 -0.0442196 -336.152 
0.780834 0.155667 -0.605034 562.592 
-0.581583 -0.172576 -0.794971 1892.6 
TRANSFORMATION OF OBJECT 0
-0.226884 0.972178 -0.0582554 -335.22 
0.779739 0.145482 -0.608969 560.953 
-0.583551 -0.183589 -0.791052 1887.24 
TRANSFORMATION OF OBJECT 0
-0.228165 0.972618 -0.0442196 -336.152 
0.780834 0.155667 -0.605034 562.592 
-0.581583 -0.172576 -0.794971 1892.6 
TRANSFORMATION OF OBJECT 0
-0.228165 0.972618 -0.0442196 -336.152 
0.780834 0.155667 -0.605034 562.592 
-0.581583 -0.172576 -0.794971 1892.6 
TRANSFORMATION OF OBJECT 0
-0.228165 0.972618 -0.0442196 -336.152 
0.780834 0.155667 -0.605034 562.592 
-0.581583 -0.172576 -0.794971 1892.6 
TRANSFORMATION OF OBJECT 0
-0.228165 0.972618 -0.0442196 -336.152 
0.780834 0.155667 -0.605034 562.592 
-0.581583 -0.172576 -0.794971 1892.6 
TRANSFORMATION OF OBJECT 0
-0.224073 0.973974 -0.0341313 -331.585 
0.75689 0.151855 -0.635656 554.724 
-0.613929 -0.168267 -0.771218 1866.56 
TRANSFORMATION OF OBJECT 0
-0.234862 0.960446 0.14961 -345.34 
0.891422 0.274188 -0.360815 577.986 
-0.387565 0.0486237 -0.920559 1943.21 
TRANSFORMATION OF OBJECT 0
-0.228574 0.973507 -0.00614278 -334.082 
0.77016 0.176962 -0.612811 558.707 
-0.595489 -0.144804 -0.790205 1879.25 
TRANSFORMATION OF OBJECT 0
-0.235421 0.971301 -0.0339351 -334.065 
0.770887 0.165354 -0.615136 558.807 
-0.591871 -0.170976 -0.787691 1879.92 
TRANSFORMATION OF OBJECT 0
-0.233898 0.971925 -0.0255668 -334.13 
0.77248 0.169804 -0.611916 558.62 
-0.590395 -0.162876 -0.79051 1879.2 
TRANSFORMATION OF OBJECT 0
-0.226884 0.972178 -0.0582554 -335.22 
0.779739 0.145482 -0.608969 560.953 
-0.583551 -0.183589 -0.791052 1887.24 
TRANSFORMATION OF OBJECT 0
-0.226884 0.972178 -0.0582554 -335.22 
0.779739 0.145482 -0.608969 560.953 
-0.583551 -0.183589 -0.791052 1887.24 
TRANSFORMATION OF OBJECT 0
-0.228165 0.972618 -0.0442196 -336.152 
0.780834 0.155667 -0.605034 562.592 
-0.581583 -0.172576 -0.794971 1892.6 
TRANSFORMATION OF OBJECT 0
-0.224073 0.973974 -0.0341313 -331.585 
0.75689 0.151855 -0.635656 554.724 
-0.613929 -0.168267 -0.771218 1866.56 
TRANSFORMATION OF OBJECT 0
-0.224073 0.973974 -0.0341313 -331.585 
0.75689 0.151855 -0.635656 554.724 
-0.613929 -0.168267 -0.771218 1866.56 
TRANSFORMATION OF OBJECT 0
-0.235421 0.971301 -0.0339351 -334.065 
0.770887 0.165354 -0.615136 558.807 
-0.591871 -0.170976 -0.787691 1879.92 
TRANSFORMATION OF OBJECT 0
-0.23021 0.972932 -0.0201531 -333.135 
0.770306 0.169533 -0.614725 557.303 
-0.594669 -0.15704 -0.788484 1875.17 
TRANSFORMATION OF OBJECT 0
-0.24654 0.959295 -0.137739 -331.06 
0.779294 0.111744 -0.616615 553.72 
-0.576124 -0.259359 -0.775122 1862.75 
TRANSFORMATION OF OBJECT 0
-0.228373 0.973465 -0.0145189 -336.149 
0.783154 0.174826 -0.596746 562.498 
-0.578374 -0.147652 -0.802298 1892.4 
TRANSFORMATION OF OBJECT 0
-0.226884 0.972178 -0.0582554 -335.22 
0.779739 0.145482 -0.608969 560.953 
-0.583551 -0.183589 -0.791052 1887.24 
TRANSFORMATION OF OBJECT 0
-0.226418 0.972339 -0.0573758 -334.61 
0.774688 0.144062 -0.615714 559.817 
-0.590417 -0.183857 -0.785878 1883.49 
TRANSFORMATION OF OBJECT 0
-0.226884 0.972178 -0.0582554 -335.22 
0.779739 0.145482 -0.608969 560.953 
-0.583551 -0.183589 -0.791052 1887.24 
TRANSFORMATION OF OBJECT 0
-0.232545 0.972063 -0.0318644 -332.914 
0.767486 0.163283 -0.619923 556.67 
-0.597402 -0.168615 -0.784015 1872.68 
TRANSFORMATION OF OBJECT 0
-0.235421 0.971301 -0.0339351 -334.065 
0.770887 0.165354 -0.615136 558.807 
-0.591871 -0.170976 -0.787691 1879.92 
TRANSFORMATION OF OBJECT 0
-0.250449 0.951533 0.178494 -346.023 
0.917649 0.292078 -0.269464 579.261 
-0.308538 0.0963077 -0.946324 1947.45 
TRANSFORMATION OF OBJECT 0
-0.220371 0.967748 0.122068 -343.24 
0.850853 0.251911 -0.461074 574.286 
-0.476954 0.00225409 -0.878925 1931.45 
TRANSFORMATION OF OBJECT 0
-0.237384 0.970276 -0.0470546 -333.883 
0.771702 0.158938 -0.615804 558.523 
-0.590021 -0.182494 -0.786493 1878.52 
TRANSFORMATION OF OBJECT 0
-0.224053 0.97456 0.00571887 -335.198 
0.772203 0.181105 -0.609018 560.819 
-0.59456 -0.132036 -0.793136 1886.41 
TRANSFORMATION OF OBJECT 0
-0.224053 0.97456 0.00571887 -335.198 
0.772203 0.181105 -0.609018 560.819 
-0.59456 -0.132036 -0.793136 1886.41 
TRANSFORMATION OF OBJECT 0
-0.224053 0.97456 0.00571887 -335.198 
0.772203 0.181105 -0.609018 560.819 
-0.59456 -0.132036 -0.793136 1886.41 
TRANSFORMATION OF OBJECT 0
-0.225137 0.973581 0.0381092 -338.226 
0.788434 0.205023 -0.579946 566.11 
-0.572438 -0.100521 -0.813763 1903.97 
TRANSFORMATION OF OBJECT 0
-0.223903 0.974513 -0.0138366 -335.003 
0.774044 0.169181 -0.610109 560.552 
-0.592219 -0.147315 -0.792196 1885.71 
TRANSFORMATION OF OBJECT 0
-0.225137 0.973581 0.0381092 -338.226 
0.788434 0.205023 -0.579946 566.11 
-0.572438 -0.100521 -0.813763 1903.97 
TRANSFORMATION OF OBJECT 0
-0.245137 0.952886 0.178651 -347.551 
0.919885 0.2868 -0.267503 582.432 
-0.306137 0.098764 -0.946851 1957.47 
TRANSFORMATION OF OBJECT 0
-0.211295 0.975357 0.0635114 -340.746 
0.796467 0.209477 -0.567238 570.233 
-0.566564 -0.0692696 -0.821101 1918.31 
TRANSFORMATION OF OBJECT 0
-0.237384 0.970276 -0.0470546 -333.883 
0.771702 0.158938 -0.615804 558.523 
-0.590021 -0.182494 -0.786493 1878.52 
TRANSFORMATION OF OBJECT 0
-0.224053 0.97456 0.00571887 -335.198 
0.772203 0.181105 -0.609018 560.819 
-0.59456 -0.132036 -0.793136 1886.41 
TRANSFORMATION OF OBJECT 0
-0.224053 0.97456 0.00571887 -335.198 
0.772203 0.181105 -0.609018 560.819 
-0.59456 -0.132036 -0.793136 1886.41 
TRANSFORMATION OF OBJECT 0
-0.237384 0.970276 -0.0470546 -333.883 
0.771702 0.158938 -0.615804 558.523 
-0.590021 -0.182494 -0.786493 1878.52 
TRANSFORMATION OF OBJECT 0
-0.229839 0.973216 -0.00495567 -334.718 
0.777264 0.180493 -0.602729 559.815 
-0.585691 -0.142382 -0.79793 1882.71 
TRANSFORMATION OF OBJECT 0
-0.222632 0.973543 0.0514739 -338.647 
0.798183 0.212338 -0.563753 566.452 
-0.559767 -0.084424 -0.824338 1904.8 
TRANSFORMATION OF OBJECT 0
-0.229839 0.973216 -0.00495567 -334.718 
0.777264 0.180493 -0.602729 559.815 
-0.585691 -0.142382 -0.79793 1882.71 
TRANSFORMATION OF OBJECT 0
-0.229839 0.973216 -0.00495567 -334.718 
0.777264 0.180493 -0.602729 559.815 
-0.585691 -0.142382 -0.79793 1882.71 
TRANSFORMATION OF OBJECT 0
-0.222632 0.973543 0.0514739 -338.647 
0.798183 0.212338 -0.563753 566.452 
-0.559767 -0.084424 -0.824338 1904.8 
TRANSFORMATION OF OBJECT 0
-0.229839 0.973216 -0.00495567 -334.718 
0.777264 0.180493 -0.602729 559.815 
-0.585691 -0.142382 -0.79793 1882.71 
TRANSFORMATION OF OBJECT 0
-0.2341 0.960732 0.148971 -344.802 
0.887113 0.273779 -0.371584 577.078 
-0.397778 0.0451662 -0.916369 1940.2 
TRANSFORMATION OF OBJECT 0
-0.232815 0.972315 -0.0199973 -336.304 
0.779864 0.17437 -0.601171 562.713 
-0.581041 -0.155557 -0.79887 1892.88 
TRANSFORMATION OF OBJECT 0
-0.228165 0.972618 -0.0442196 -336.152 
0.780834 0.155667 -0.605034 562.592 
-0.581583 -0.172576 -0.794971 1892.6 
TRANSFORMATION OF OBJECT 0
-0.244178 0.963817 -0.106927 -333.058 
0.781561 0.130323 -0.610064 557.264 
-0.574055 -0.232534 -0.785104 1874.55 
TRANSFORMATION OF OBJECT 0
-0.229159 0.972986 -0.0280229 -336.318 
0.783158 0.167201 -0.598922 562.915 
-0.578057 -0.159195 -0.800317 1893.11 
TRANSFORMATION OF OBJECT 0
-0.212057 0.973411 0.0866154 -341.651 
0.819392 0.225402 -0.527059 571.826 
-0.532569 -0.0407945 -0.845403 1922.53 
TRANSFORMATION OF OBJECT 0
-0.226737 0.972789 -0.047666 -333.96 
0.768749 0.148701 -0.622023 558.876 
-0.598009 -0.177679 -0.781546 1879.62 
TRANSFORMATION OF OBJECT 0
-0.245916 0.954314 -0.169737 -330.812 
0.784824 0.093271 -0.61266 553.399 
-0.568838 -0.283876 -0.771905 1861.19 
TRANSFORMATION OF OBJECT 0
-0.229118 0.972019 -0.0518062 -336.242 
0.777145 0.150617 -0.611032 562.764 
-0.586132 -0.180259 -0.789909 1892.77 
TRANSFORMATION OF OBJECT 0
-0.252449 0.939551 -0.231328 -328.85 
0.804031 0.0706798 -0.590372 550.069 
-0.538335 -0.335033 -0.773271 1850.01 
TRANSFORMATION OF OBJECT 0
-0.24929 0.951742 -0.179003 -331.918 
0.793484 0.0947704 -0.601167 555.355 
-0.555192 -0.291901 -0.778817 1867.59 
TRANSFORMATION OF OBJECT 0
-0.252449 0.939551 -0.231328 -328.85 
0.804031 0.0706798 -0.590372 550.069 
-0.538335 -0.335033 -0.773271 1850.01 
TRANSFORMATION OF OBJECT 0
-0.233727 0.969779 -0.0699984 -336.745 
0.785181 0.145795 -0.601859 563.681 
-0.573465 -0.195632 -0.795529 1895.73 
TRANSFORMATION OF OBJECT 0
-0.233727 0.969779 -0.0699984 -336.745 
0.785181 0.145795 -0.601859 563.681 
-0.573465 -0.195632 -0.795529 1895.73 
TRANSFORMATION OF OBJECT 0
-0.229118 0.972019 -0.0518062 -336.242 
0.777145 0.150617 -0.611032 562.764 
-0.586132 -0.180259 -0.789909 1892.77 
TRANSFORMATION OF OBJECT 0
-0.24929 0.951742 -0.179003 -331.918 
0.793484 0.0947704 -0.601167 555.355 
-0.555192 -0.291901 -0.778817 1867.59 
TRANSFORMATION OF OBJECT 0
-0.24929 0.951742 -0.179003 -331.918 
0.793484 0.0947704 -0.601167 555.355 
-0.555192 -0.291901 -0.778817 1867.59 
TRANSFORMATION OF OBJECT 0
-0.229118 0.972019 -0.0518062 -336.242 
0.777145 0.150617 -0.611032 562.764 
-0.586132 -0.180259 -0.789909 1892.77 

