-0.979234 0.198787 -0.039797 -355.311 
0.141924 0.532007 -0.834761 -60.1946 
-0.144767 -0.823075 -0.549172 1476.62 
TRANSFORMATION OF OBJECT 0
-0.979285 0.198339 -0.0407637 -355.513 
0.142568 0.532431 -0.834381 -60.2637 
-0.143787 -0.822909 -0.549679 1477.37 
TRANSFORMATION OF OBJECT 0
-0.979786 0.195402 -0.0428743 -353.362 
0.142367 0.530505 -0.835641 -59.9168 
-0.140541 -0.824853 -0.5476 1468.48 
TRANSFORMATION OF OBJECT 0
-0.980283 0.192476 -0.0447067 -353.987 
0.142435 0.531469 -0.835017 -59.9803 
-0.136961 -0.82492 -0.548405 1471.02 
TRANSFORMATION OF OBJECT 0
-0.979466 0.198151 -0.0371784 -355.565 
0.139548 0.533241 -0.834374 -60.1962 
-0.145507 -0.822429 -0.549943 1477.6 
TRANSFORMATION OF OBJECT 0
-0.979234 0.198787 -0.039797 -355.311 
0.141924 0.532007 -0.834761 -60.1946 
-0.144767 -0.823075 -0.549172 1476.62 
TRANSFORMATION OF OBJECT 0
-0.979285 0.198339 -0.0407637 -355.513 
0.142568 0.532431 -0.834381 -60.2637 
-0.143787 -0.822909 -0.549679 1477.37 
TRANSFORMATION OF OBJECT 0
-0.979466 0.198151 -0.0371784 -355.565 
0.139548 0.533241 -0.834374 -60.1962 
-0.145507 -0.822429 -0.549943 1477.6 
TRANSFORMATION OF OBJECT 0
-0.979466 0.198151 -0.0371784 -355.565 
0.139548 0.533241 -0.834374 -60.1962 
-0.145507 -0.822429 -0.549943 1477.6 
TRANSFORMATION OF OBJECT 0
-0.979196 0.198122 -0.0438634 -353.416 
0.144705 0.530234 -0.835411 -59.8501 
-0.142255 -0.824378 -0.547872 1468.71 
TRANSFORMATION OF OBJECT 0
-0.979173 0.198549 -0.0424009 -354.818 
0.143961 0.531735 -0.834586 -60.1011 
-0.14316 -0.823308 -0.549244 1474.82 
TRANSFORMATION OF OBJECT 0
-0.979466 0.198151 -0.0371784 -355.565 
0.139548 0.533241 -0.834374 -60.1962 
-0.145507 -0.822429 -0.549943 1477.6 

