Detected marker with id:4
-0.998473 -0.0196995 -0.0516047 89.2877 
-0.0187383 0.999643 -0.0190431 101.486 
0.0519615 -0.0180471 -0.998486 296.048 
0 0 0 1 

Detected marker with id: 4
Detected marker with id:4
-0.998449 -0.0194066 -0.0521749 89.2208 
-0.018734 0.999735 -0.01335 101.412 
0.0524202 -0.0123518 -0.998549 295.799 
0 0 0 1 

Detected marker with id: 4
Detected marker with id:4
-0.998473 -0.0196995 -0.0516047 89.2877 
-0.0187383 0.999643 -0.0190431 101.486 
0.0519615 -0.0180471 -0.998486 296.048 
0 0 0 1 

Detected marker with id: 4
Detected marker with id:4
-0.998388 -0.0193617 -0.0533491 89.3264 
-0.0184311 0.99967 -0.0178808 101.54 
0.0536777 -0.0168687 -0.998416 296.179 
0 0 0 1 

Detected marker with id: 4
Detected marker with id:4
-0.998398 -0.0210354 -0.0525167 89.3165 
-0.019844 0.999536 -0.0231058 101.51 
0.0529783 -0.0220266 -0.998353 296.145 
0 0 0 1 

Detected marker with id: 4
Detected marker with id:4
-0.99863 -0.0188062 -0.0488295 89.1375 
-0.0183879 0.99979 -0.00900239 101.346 
0.0489886 -0.00809219 -0.998767 295.578 
0 0 0 1 

Detected marker with id: 4
Detected marker with id:4
-0.998398 -0.0210354 -0.0525167 89.3165 
-0.019844 0.999536 -0.0231058 101.51 
0.0529783 -0.0220266 -0.998353 296.145 
0 0 0 1 

Detected marker with id: 4
Detected marker with id:4
-0.998404 -0.0175569 -0.05367 89.3243 
-0.016921 0.999781 -0.0122794 101.556 
0.0538738 -0.0113516 -0.998483 296.172 
0 0 0 1 

Detected marker with id: 4
Detected marker with id:4
-0.998195 -0.0186691 -0.0570894 89.3875 
-0.0177593 0.999708 -0.0164025 101.64 
0.057379 -0.015359 -0.998234 296.387 
0 0 0 1 

Detected marker with id: 4
Detected marker with id:4
-0.998311 -0.0206963 -0.0542867 89.3555 
-0.0195295 0.999569 -0.0219376 101.564 
0.0547173 -0.0208404 -0.998284 296.277 
0 0 0 1 

Detected marker with id: 4
Detected marker with id:4
-0.998608 -0.0188101 -0.0492808 89.1494 
-0.0183641 0.999786 -0.00948747 101.359 
0.0494487 -0.00856927 -0.99874 295.618 
0 0 0 1 

Detected marker with id: 4
Detected marker with id:4
-0.998579 -0.0203909 -0.0492459 89.0776 
-0.0199651 0.999759 -0.00912238 101.26 
0.04942 -0.00812621 -0.998745 295.351 
0 0 0 1 

Detected marker with id: 4
Detected marker with id:4
-0.998552 -0.0184717 -0.0505148 89.1753 
-0.0180975 0.999805 -0.00785455 101.398 
0.05065 -0.00692899 -0.998692 295.706 
0 0 0 1 

Detected marker with id: 4
Detected marker with id:4
-0.998619 -0.0188794 -0.0490333 89.1427 
-0.0184491 0.999787 -0.00921422 101.351 
0.0491968 -0.00829688 -0.998755 295.595 
0 0 0 1 

Detected marker with id: 4
Detected marker with id:4
-0.998465 -0.0198442 -0.0517117 89.2109 
-0.0192479 0.999743 -0.0120031 101.429 
0.0519365 -0.0109894 -0.99859 295.825 
0 0 0 1 

Detected marker with id: 4
Detected marker with id:4
-0.998283 -0.0197064 -0.0551597 89.2705 
-0.0189079 0.999709 -0.0149601 101.487 
0.0554384 -0.0138915 -0.998365 295.968 
0 0 0 1 

Detected marker with id: 4
Detected marker with id:4
-0.998474 -0.019546 -0.0516536 89.1323 
-0.0190757 0.999772 -0.00958342 101.303 
0.0518292 -0.00858347 -0.998619 295.476 
0 0 0 1 

Detected marker with id: 4
Detected marker with id:4
-0.998579 -0.0203909 -0.0492459 89.0776 
-0.0199651 0.999759 -0.00912238 101.26 
0.04942 -0.00812621 -0.998745 295.351 
0 0 0 1 

Detected marker with id: 4
Detected marker with id:4
-0.998612 -0.0204722 -0.0485244 88.984 
-0.0202434 0.999782 -0.00520112 101.146 
0.0486203 -0.0042116 -0.998808 295.012 
0 0 0 1 

Detected marker with id: 4
Detected marker with id:4
-0.998388 -0.0193617 -0.0533491 89.3264 
-0.0184311 0.99967 -0.0178808 101.54 
0.0536777 -0.0168687 -0.998416 296.179 
0 0 0 1 

Detected marker with id: 4
Detected marker with id:4
-0.998365 -0.0190669 -0.0538935 89.2589 
-0.0184356 0.999756 -0.012188 101.465 
0.0541127 -0.0111745 -0.998472 295.927 
0 0 0 1 

Detected marker with id: 4
Detected marker with id:4
-0.998388 -0.0193617 -0.0533491 89.3264 
-0.0184311 0.99967 -0.0178808 101.54 
0.0536777 -0.0168687 -0.998416 296.179 
0 0 0 1 

Detected marker with id: 4
Detected marker with id:4
-0.998247 -0.0187731 -0.0561207 89.467 
-0.0176102 0.999621 -0.021145 101.717 
0.0564964 -0.0201197 -0.9982 296.677 
0 0 0 1 

Detected marker with id: 4
Detected marker with id:4
-0.998534 -0.0202547 -0.0502042 89.1779 
-0.0196064 0.999718 -0.0133729 101.382 
0.0504609 -0.012369 -0.998649 295.714 
0 0 0 1 

Detected marker with id: 4
Detected marker with id:4
-0.998713 -0.0174489 -0.0476233 89.1017 
-0.0172351 0.999839 -0.00489715 101.314 
0.0477012 -0.00407006 -0.998853 295.458 
0 0 0 1 

Detected marker with id: 4
Detected marker with id:4
-0.998388 -0.0193617 -0.0533491 89.3264 
-0.0184311 0.99967 -0.0178808 101.54 
0.0536777 -0.0168687 -0.998416 296.179 
0 0 0 1 

Detected marker with id: 4
Detected marker with id:4
-0.99839 -0.0189204 -0.053478 89.2485 
-0.0183163 0.999763 -0.0117629 101.453 
0.0536878 -0.0107644 -0.9985 295.892 
0 0 0 1 

Detected marker with id: 4
Detected marker with id:4
-0.998477 -0.0179702 -0.0521646 89.2915 
-0.0172796 0.999757 -0.0136608 101.509 
0.0523974 -0.0127386 -0.998545 296.062 
0 0 0 1 

Detected marker with id: 4
Detected marker with id:4
-0.998465 -0.0198442 -0.0517117 89.2109 
-0.0192479 0.999743 -0.0120031 101.429 
0.0519365 -0.0109894 -0.99859 295.825 
0 0 0 1 

Detected marker with id: 4
Detected marker with id:4
-0.998404 -0.0175569 -0.05367 89.3243 
-0.016921 0.999781 -0.0122794 101.556 
0.0538738 -0.0113516 -0.998483 296.172 
0 0 0 1 

Detected marker with id: 4
Detected marker with id:4
-0.998675 -0.0189616 -0.0478399 89.0367 
-0.0187526 0.999813 -0.00481269 101.223 
0.0479222 -0.00390919 -0.998843 295.214 
0 0 0 1 

Detected marker with id: 4
Detected marker with id:4
-0.998437 -0.0194805 -0.0523816 89.226 
-0.0187941 0.999731 -0.0135645 101.418 
0.0526317 -0.0125589 -0.998535 295.816 
0 0 0 1 

Detected marker with id: 4
Detected marker with id:4
-0.998664 -0.0190336 -0.0480444 89.0419 
-0.0188139 0.99981 -0.00502134 101.229 
0.0481309 -0.00411073 -0.998833 295.231 
0 0 0 1 

Detected marker with id: 4
Detected marker with id:4
-0.998477 -0.0179702 -0.0521646 89.2915 
-0.0172796 0.999757 -0.0136608 101.509 
0.0523974 -0.0127386 -0.998545 296.062 
0 0 0 1 

Detected marker with id: 4
Detected marker with id:4
-0.998526 -0.0181078 -0.0511648 89.1906 
-0.0176491 0.9998 -0.0094046 101.387 
0.0513248 -0.00848773 -0.998646 295.697 
0 0 0 1 

Detected marker with id: 4
Detected marker with id:4
-0.998107 -0.0206827 -0.0579179 89.3387 
-0.0196817 0.999648 -0.0178005 101.565 
0.0582657 -0.0166269 -0.998163 296.198 
0 0 0 1 

Detected marker with id: 4
Detected marker with id:4
-0.998209 -0.0232161 -0.0551266 89.288 
-0.0219696 0.999491 -0.0231106 101.508 
0.0556351 -0.0218581 -0.998212 296.085 
0 0 0 1 

Detected marker with id: 4
Detected marker with id:4
-0.998474 -0.019546 -0.0516536 89.1323 
-0.0190757 0.999772 -0.00958342 101.303 
0.0518292 -0.00858347 -0.998619 295.476 
0 0 0 1 

Detected marker with id: 4
Detected marker with id:4
-0.998424 -0.0223268 -0.0514826 89.1198 
-0.0215372 0.999643 -0.0158421 101.308 
0.0518179 -0.0147083 -0.998548 295.494 
0 0 0 1
