Detected marker with id:4
0.981148 -0.0437965 0.188229 62.436 
-0.0426945 -0.999039 -0.00990705 99.9005 
0.188482 0.00168396 -0.982075 318.935 
0 0 0 1 

Detected marker with id: 3
Detected marker with id: 2
Detected marker with id: 4
Detected marker with id:4
0.981268 -0.0416536 0.188089 62.4999 
-0.0397739 -0.999114 -0.013759 100.02 
0.188496 0.00602022 -0.982056 319.314 
0 0 0 1 

Detected marker with id: 3
Detected marker with id: 2
Detected marker with id: 4
Detected marker with id:4
0.980693 -0.0429465 0.190779 62.4286 
-0.0417944 -0.999076 -0.0100601 99.9049 
0.191035 0.00189234 -0.981581 318.945 
0 0 0 1 

Detected marker with id: 3
Detected marker with id: 2
Detected marker with id: 4
Detected marker with id:4
0.982596 -0.0418679 0.180978 62.6182 
-0.0387172 -0.999031 -0.0209088 100.148 
0.181678 0.013538 -0.983265 319.776 
0 0 0 1 

Detected marker with id: 3
Detected marker with id: 2
Detected marker with id: 4
Detected marker with id:4
0.981148 -0.0437965 0.188229 62.436 
-0.0426945 -0.999039 -0.00990705 99.9005 
0.188482 0.00168396 -0.982075 318.935 
0 0 0 1 

Detected marker with id: 3
Detected marker with id: 2
Detected marker with id: 4
Detected marker with id:4
0.981548 -0.043109 0.186294 62.5532 
-0.0416821 -0.999064 -0.0115715 100.062 
0.186619 0.0035928 -0.982426 319.488 
0 0 0 1 

Detected marker with id: 3
Detected marker with id: 2
Detected marker with id: 4
Detected marker with id:4
0.981904 -0.0436645 0.184275 62.5252 
-0.0424214 -0.999043 -0.0106851 100.035 
0.184565 0.00267454 -0.982817 319.399 
0 0 0 1 

Detected marker with id: 3
Detected marker with id: 2
Detected marker with id: 4
Detected marker with id:4
0.980107 -0.0446436 0.193385 62.3014 
-0.0442091 -0.999001 -0.00656388 99.6724 
0.193485 -0.00211607 -0.981101 318.241 
0 0 0 1 

Detected marker with id: 3
Detected marker with id: 2
Detected marker with id: 4
Detected marker with id:4
0.981416 -0.0440595 0.186768 62.4725 
-0.0432443 -0.999029 -0.00843858 99.9501 
0.186959 0.000205084 -0.982368 319.126 
0 0 0 1 

Detected marker with id: 3
Detected marker with id: 2
Detected marker with id: 4
Detected marker with id:4
0.982355 -0.0432934 0.181945 62.6635 
-0.0415003 -0.999045 -0.013653 100.295 
0.182362 0.00586132 -0.983214 320.178 
0 0 0 1 

Detected marker with id: 3
Detected marker with id: 2
Detected marker with id: 4
Detected marker with id:4
0.982007 -0.0427154 0.183951 62.5929 
-0.0419761 -0.999087 -0.00791285 100.163 
0.184121 4.89152e-05 -0.982904 319.799 
0 0 0 1 

Detected marker with id: 3
Detected marker with id: 2
Detected marker with id: 4
Detected marker with id:4
0.981904 -0.0436645 0.184275 62.5252 
-0.0424214 -0.999043 -0.0106851 100.035 
0.184565 0.00267454 -0.982817 319.399 
0 0 0 1 

Detected marker with id: 3
Detected marker with id: 2
Detected marker with id: 4
Detected marker with id:4
0.981728 -0.04408 0.185116 62.5356 
-0.042263 -0.999012 -0.0137518 100.071 
0.18554 0.0056769 -0.98262 319.466 
0 0 0 1 

Detected marker with id: 3
Detected marker with id: 2
Detected marker with id: 4
Detected marker with id:4
0.981458 -0.0442436 0.186503 62.4891 
-0.0432532 -0.99902 -0.00937814 99.9371 
0.186735 0.00113741 -0.98241 319.109 
0 0 0 1 

Detected marker with id: 3
Detected marker with id: 2
Detected marker with id: 4
Detected marker with id:4
0.98182 -0.0447683 0.18446 62.4731 
-0.0440609 -0.998997 -0.00793436 99.9349 
0.18463 -0.000337358 -0.982808 319.081 
0 0 0 1 

Detected marker with id: 3
Detected marker with id: 2
Detected marker with id: 4
Detected marker with id:4
0.98121 -0.0433381 0.188013 62.3845 
-0.0428302 -0.999059 -0.00676497 99.8019 
0.188129 -0.00141478 -0.982143 318.62 
0 0 0 1 

Detected marker with id: 3
Detected marker with id: 2
Detected marker with id: 4
Detected marker with id:4
0.981466 -0.0442116 0.186469 62.5013 
-0.0433263 -0.999022 -0.00882206 99.9616 
0.186677 0.000579524 -0.982421 319.17 
0 0 0 1 

Detected marker with id: 3
Detected marker with id: 2
Detected marker with id: 4
Detected marker with id:4
0.981571 -0.04297 0.186207 62.4735 
-0.040971 -0.999054 -0.014572 99.9704 
0.186657 0.00667439 -0.982403 319.127 
0 0 0 1 

Detected marker with id: 3
Detected marker with id: 2
Detected marker with id: 4
Detected marker with id:4
0.980325 -0.0423946 0.192784 62.456 
-0.0410612 -0.999097 -0.0109084 99.9303 
0.193072 0.00277788 -0.981181 319.031 
0 0 0 1 

Detected marker with id: 3
Detected marker with id: 2
Detected marker with id: 4
Detected marker with id:4
0.981814 -0.0427928 0.184957 62.5208 
-0.0408534 -0.999063 -0.0142861 100.037 
0.185395 0.00647014 -0.982643 319.374 
0 0 0 1 

Detected marker with id: 3
Detected marker with id: 2
Detected marker with id: 4
Detected marker with id:4
0.981346 -0.0427898 0.187428 62.5236 
-0.0410124 -0.999069 -0.0133526 100.023 
0.187825 0.0054167 -0.982188 319.333 
0 0 0 1 

Detected marker with id: 3
Detected marker with id: 2
Detected marker with id: 4
Detected marker with id:4
0.980907 -0.0444354 0.189331 62.4865 
-0.0443002 -0.999006 -0.00494823 99.9856 
0.189363 -0.00353367 -0.981901 319.135 
0 0 0 1 

Detected marker with id: 3
Detected marker with id: 2
Detected marker with id: 4
Detected marker with id:4
0.980788 -0.0432447 0.190223 62.4639 
-0.0419605 -0.999061 -0.0107752 99.9267 
0.190511 0.00258631 -0.981682 319.023 
0 0 0 1 

Detected marker with id: 3
Detected marker with id: 2
Detected marker with id: 4
Detected marker with id:4
0.981514 -0.0439387 0.186281 62.4862 
-0.0430241 -0.999034 -0.00895166 99.9925 
0.186494 0.000771609 -0.982456 319.192 
0 0 0 1 

Detected marker with id: 3
Detected marker with id: 2
Detected marker with id: 4
Detected marker with id:4
0.981346 -0.0427898 0.187428 62.5236 
-0.0410124 -0.999069 -0.0133526 100.023 
0.187825 0.0054167 -0.982188 319.333 
0 0 0 1 

Detected marker with id: 3
Detected marker with id: 2
Detected marker with id: 4
Detected marker with id:4
0.981994 -0.0443183 0.183638 62.4745 
-0.0440299 -0.999014 -0.00564974 99.9835 
0.183708 -0.00253757 -0.982978 319.19 
0 0 0 1 

Detected marker with id: 3
Detected marker with id: 2
Detected marker with id: 4
Detected marker with id:4
0.981815 -0.0433732 0.184817 62.59 
-0.0422336 -0.999057 -0.0101006 100.112 
0.185081 0.00211141 -0.982721 319.681 
0 0 0 1 

Detected marker with id: 3
Detected marker with id: 2
Detected marker with id: 4
Detected marker with id:4
0.982177 -0.0435189 0.18285 62.6402 
-0.0425669 -0.999052 -0.0091301 100.204 
0.183074 0.00118403 -0.983098 319.938 
0 0 0 1 

Detected marker with id: 3
Detected marker with id: 2
Detected marker with id: 4
Detected marker with id:4
0.980965 -0.0432079 0.189318 62.4653 
-0.0423446 -0.999066 -0.00860492 99.9549 
0.189513 0.000424547 -0.981878 319.138 
0 0 0 1 

Detected marker with id: 3
Detected marker with id: 2
Detected marker with id: 4
Detected marker with id:4
0.980325 -0.0423946 0.192784 62.456 
-0.0410612 -0.999097 -0.0109084 99.9303 
0.193072 0.00277788 -0.981181 319.031 
0 0 0 1 

Detected marker with id: 3
Detected marker with id: 2
Detected marker with id: 4
Detected marker with id:4
0.981831 -0.0426141 0.184912 62.4848 
-0.0413005 -0.999087 -0.0109515 99.9082 
0.18521 0.00311553 -0.982694 319.038 
0 0 0 1 

Detected marker with id: 3
Detected marker with id: 2
Detected marker with id: 4
Detected marker with id:4
0.980877 -0.0441689 0.189551 62.4334 
-0.0432725 -0.999024 -0.00886702 99.8814 
0.189758 0.000495108 -0.981831 318.811 
0 0 0 1 

Detected marker with id: 3
Detected marker with id: 2
Detected marker with id: 4
Detected marker with id:4
0.982601 -0.0445049 0.18032 62.5051 
-0.0430873 -0.999002 -0.0117729 99.9798 
0.180664 0.0037985 -0.983537 319.195 
0 0 0 1 

Detected marker with id: 3
Detected marker with id: 2
Detected marker with id: 4
Detected marker with id:4
0.981882 -0.043899 0.184337 62.4989 
-0.0437853 -0.99903 -0.00468908 99.9532 
0.184364 -0.00346713 -0.982852 319.106 
0 0 0 1 

Detected marker with id: 3
Detected marker with id: 2
Detected marker with id: 4
Detected marker with id:4
0.980961 -0.0446255 0.189009 62.3372 
-0.0440839 -0.999003 -0.00707073 99.7549 
0.189136 -0.00139614 -0.98195 318.481 
0 0 0 1 

Detected marker with id: 3
Detected marker with id: 2
Detected marker with id: 4
Detected marker with id:4
0.981922 -0.0459729 0.18362 62.5156 
-0.0463766 -0.998922 -0.00209742 99.9907 
0.183519 -0.00645618 -0.982995 319.19 
0 0 0 1 

Detected marker with id: 3
Detected marker with id: 2
Detected marker with id: 4
Detected marker with id:4
0.981306 -0.0455607 0.186983 62.4305 
-0.0455097 -0.998953 -0.00456767 99.8516 
0.186995 -0.00402724 -0.982353 318.75 
0 0 0 1 

Detected marker with id: 3
Detected marker with id: 2
Detected marker with id: 4
Detected marker with id:4
0.982119 -0.0436385 0.183132 62.575 
-0.0421689 -0.999039 -0.0119136 100.101 
0.183476 0.00397811 -0.983016 319.547 
0 0 0 1 

Detected marker with id: 3
Detected marker with id: 2
Detected marker with id: 4
Detected marker with id:4
0.982292 -0.0454983 0.181749 62.5207 
-0.045567 -0.998954 -0.00380018 100.001 
0.181732 -0.00454887 -0.983338 319.176 
0 0 0 1 

Detected marker with id: 3
Detected marker with id: 2
Detected marker with id: 4
Detected marker with id:4
0.981876 -0.0445028 0.184227 62.4803 
-0.0437569 -0.999009 -0.00811455 99.9669 
0.184405 -9.37149e-05 -0.98285 319.113 
0 0 0 1 

Detected marker with id: 3
Detected marker with id: 2
Detected marker with id: 4
Detected marker with id:4
0.982439 -0.0424459 0.181691 62.6356 
-0.0408026 -0.999086 -0.0127749 100.241 
0.182067 0.0051371 -0.983273 320.018 
0 0 0 1 

Detected marker with id: 3
Detected marker with id: 2
Detected marker with id: 4
Detected marker with id:4
0.98141 -0.0440931 0.186791 62.4604 
-0.0431759 -0.999027 -0.00897794 99.9258 
0.187005 0.000746172 -0.982359 319.065 
0 0 0 1 

Detected marker with id: 3
Detected marker with id: 2
Detected marker with id: 4
Detected marker with id:4
0.98086 -0.0432612 0.189846 62.4128 
-0.0413264 -0.999046 -0.0141406 99.8465 
0.190277 0.0060243 -0.981712 318.705 
0 0 0 1 

Detected marker with id: 3
Detected marker with id: 2
Detected marker with id: 4
Detected marker with id:4
0.982178 -0.0449147 0.182507 62.5228 
-0.0443917 -0.99899 -0.00695179 100.026 
0.182635 -0.00127389 -0.98318 319.335 
0 0 0 1 

Detected marker with id: 3
Detected marker with id: 2
Detected marker with id: 4
Detected marker with id:4
0.981557 -0.0445037 0.185918 62.4369 
-0.0435117 -0.999009 -0.00941491 99.8857 
0.186153 0.00115165 -0.98252 318.891 
0 0 0 1 

Detected marker with id: 3
Detected marker with id: 2
Detected marker with id: 4
Detected marker with id:4
0.981158 -0.0433857 0.188273 62.5144 
-0.0422904 -0.999057 -0.00983254 100.019 
0.188522 0.00168512 -0.982067 319.282 
0 0 0 1 

