0.980518 0.00308796 0.196403 74.4043 
0.0017501 -0.999974 0.00698499 -64.7374 
0.19642 -0.00650518 -0.980498 273.31 
0 0 0 1 

Detected marker with id: 4
Detected marker with id:4
0.978808 0.00732125 0.204649 74.1429 
0.00919877 -0.999924 -0.00822451 -64.5453 
0.204573 0.00993273 -0.978801 272.339 
0 0 0 1 

Detected marker with id: 4
Detected marker with id:4
0.979731 0.00374947 0.200283 74.2685 
0.00289375 -0.999985 0.00456513 -64.6297 
0.200298 -0.00389303 -0.979727 272.806 
0 0 0 1 

Detected marker with id: 4
Detected marker with id:4
0.979922 0.00335576 0.199352 74.308 
0.00224079 -0.999981 0.00581831 -64.6668 
0.199368 -0.00525478 -0.979911 272.952 
0 0 0 1 

Detected marker with id: 4
Detected marker with id:4
0.981535 0.0019101 0.191275 74.5882 
-0.000220137 -0.999938 0.0111151 -64.8896 
0.191284 -0.010952 -0.981474 273.993 
0 0 0 1 

Detected marker with id: 4
Detected marker with id:4
0.981348 0.00231326 0.192223 74.5487 
0.000432792 -0.999952 0.00982415 -64.8524 
0.192237 -0.00955773 -0.981302 273.846 
0 0 0 1 

Detected marker with id: 4
Detected marker with id:4
0.981535 0.0019101 0.191275 74.5882 
-0.000220137 -0.999938 0.0111151 -64.8896 
0.191284 -0.010952 -0.981474 273.993 
0 0 0 1 

Detected marker with id: 4
Detected marker with id:4
0.981535 0.0019101 0.191275 74.5882 
-0.000220137 -0.999938 0.0111151 -64.8896 
0.191284 -0.010952 -0.981474 273.993 
0 0 0 1 

Detected marker with id: 4
Detected marker with id:4
0.980707 0.00268983 0.195464 74.4439 
0.00109719 -0.999965 0.00825584 -64.7746 
0.195479 -0.0078821 -0.980676 273.457 
0 0 0 1 

Detected marker with id: 4
Detected marker with id:4
0.980707 0.00268983 0.195464 74.4439 
0.00109719 -0.999965 0.00825584 -64.7746 
0.195479 -0.0078821 -0.980676 273.457 
0 0 0 1 

Detected marker with id: 4
Detected marker with id:4
0.980707 0.00268983 0.195464 74.4439 
0.00109719 -0.999965 0.00825584 -64.7746 
0.195479 -0.0078821 -0.980676 273.457 
0 0 0 1 

Detected marker with id: 4
Detected marker with id:4
0.980707 0.00268983 0.195464 74.4439 
0.00109719 -0.999965 0.00825584 -64.7746 
0.195479 -0.0078821 -0.980676 273.457 
0 0 0 1 

Detected marker with id: 4
Detected marker with id:4
0.980518 0.00308796 0.196403 74.4043 
0.0017501 -0.999974 0.00698499 -64.7374 
0.19642 -0.00650518 -0.980498 273.31 
0 0 0 1 

Detected marker with id: 4
Detected marker with id:4
0.981535 0.0019101 0.191275 74.5882 
-0.000220137 -0.999938 0.0111151 -64.8896 
0.191284 -0.010952 -0.981474 273.993 
0 0 0 1 

Detected marker with id: 4
Detected marker with id:4
0.979922 0.00335576 0.199352 74.308 
0.00224079 -0.999981 0.00581831 -64.6668 
0.199368 -0.00525478 -0.979911 272.952 
0 0 0 1 

Detected marker with id: 4
Detected marker with id:4
0.981535 0.0019101 0.191275 74.5882 
-0.000220137 -0.999938 0.0111151 -64.8896 
0.191284 -0.010952 -0.981474 273.993 
0 0 0 1 

Detected marker with id: 4
Detected marker with id:4
0.981535 0.0019101 0.191275 74.5882 
-0.000220137 -0.999938 0.0111151 -64.8896 
0.191284 -0.010952 -0.981474 273.993 
0 0 0 1 

Detected marker with id: 4
Detected marker with id:4
0.980707 0.00268983 0.195464 74.4439 
0.00109719 -0.999965 0.00825584 -64.7746 
0.195479 -0.0078821 -0.980676 273.457 
0 0 0 1 

Detected marker with id: 4
Detected marker with id:4
0.979922 0.00335576 0.199352 74.308 
0.00224079 -0.999981 0.00581831 -64.6668 
0.199368 -0.00525478 -0.979911 272.952 
0 0 0 1 

Detected marker with id: 4
Detected marker with id:4
0.980707 0.00268983 0.195464 74.4439 
0.00109719 -0.999965 0.00825584 -64.7746 
0.195479 -0.0078821 -0.980676 273.457 
0 0 0 1 

Detected marker with id: 4
Detected marker with id:4
0.981535 0.0019101 0.191275 74.5882 
-0.000220137 -0.999938 0.0111151 -64.8896 
0.191284 -0.010952 -0.981474 273.993 
0 0 0 1 

Detected marker with id: 4
Detected marker with id:4
0.981535 0.0019101 0.191275 74.5882 
-0.000220137 -0.999938 0.0111151 -64.8896 
0.191284 -0.010952 -0.981474 273.993 
0 0 0 1 

Detected marker with id: 4
Detected marker with id:4
0.981348 0.00231326 0.192223 74.5487 
0.000432792 -0.999952 0.00982415 -64.8524 
0.192237 -0.00955773 -0.981302 273.846 
0 0 0 1 

Detected marker with id: 4
Detected marker with id:4
0.980707 0.00268983 0.195464 74.4439 
0.00109719 -0.999965 0.00825584 -64.7746 
0.195479 -0.0078821 -0.980676 273.457 
0 0 0 1 

Detected marker with id: 4
Detected marker with id:4
0.981242 0.00350469 0.192749 74.5407 
0.00247703 -0.999981 0.0055723 -64.8359 
0.192765 -0.00499033 -0.981232 273.816 
0 0 0 1 

Detected marker with id: 4
Detected marker with id:4
0.980707 0.00268983 0.195464 74.4439 
0.00109719 -0.999965 0.00825584 -64.7746 
0.195479 -0.0078821 -0.980676 273.457 
0 0 0 1 

Detected marker with id: 4
Detected marker with id:4
0.981348 0.00231326 0.192223 74.5487 
0.000432792 -0.999952 0.00982415 -64.8524 
0.192237 -0.00955773 -0.981302 273.846 
0 0 0 1 

Detected marker with id: 4
Detected marker with id:4
0.981535 0.0019101 0.191275 74.5882 
-0.000220137 -0.999938 0.0111151 -64.8896 
0.191284 -0.010952 -0.981474 273.993 
0 0 0 1 

Detected marker with id: 4
Detected marker with id:4
0.981348 0.00231326 0.192223 74.5487 
0.000432792 -0.999952 0.00982415 -64.8524 
0.192237 -0.00955773 -0.981302 273.846 
