image_width: 1600
image_height: 1200
camera_name: narrow_stereo/left
camera_matrix:
  rows: 3
  cols: 3
  data: [1339.248848, 0, 808.778714, 0, 1351.43939, 564.966546, 0, 0, 1]
distortion_model: plumb_bob
distortion_coefficients:
  rows: 1
  cols: 5
  data: [0.082618, -0.183817, -0.002298, 0.006434, 0]
rectification_matrix:
  rows: 3
  cols: 3
  data: [1, 0, 0, 0, 1, 0, 0, 0, 1]
projection_matrix:
  rows: 3
  cols: 4
  data: [1346.04248, 0, 818.092376, 0, 0, 1366.498657, 562.192847, 0, 0, 0, 1, 0]