// Configuration File
//
// This file is used by camProcess and camCentralProcessMain
// 

// ### Adding new object to the scene ###
// 

// These are configuration parametes that are used by camera processes and central process.
{
	// Number of cameras used
	"num_cameras" : 4,
	
	// Number of tags
	"num_object" : 3,
	
	// Object names. The pose data for markers is sent in same order on the
    // ACH channel
    // first should always be "robot"
	"object_name" : ["robot", "table", "chair"],
	
	// Marker IDs (in same order as object names)
    // first one should always be marker id of robot (krang)
	"marker_id" : [2, 6, 5],

    // Length of edge of AR marker in cms
	"marker_size" : 20.3,

    // Set resolution in pixels. Some of possible values are 640x480, 960x720 
    // and others.
    "width" : 640,
    "height" : 480,

	// Calibration files for camera processes
	"cam_calib_name" : ["Data/camCalib0.xml",
	                    "Data/camCalib1.xml",
	                    "Data/camCalib2.xml",
	                    "Data/camCalib3.xml"],

	// Camera channel names for camera processes to publish data
	"cam_channel_name" : ["cam0_channel",  // CAM ID 0
	                      "cam1_channel",  // CAM ID 1
	                      "cam2_channel",  // CAM ID 2
	                      "cam3_channel"], // CAM ID 3

	// Perception channel name
	// "perception_channel" : "krang_vision",
    "vision_obj_poses_channel" : "vision_obj_poses",
    "vision_krang_pose_channel" : "vision_krang_pose",

	
	// Debug channel name
	"debug_channel" : "debug_channel",

	// Global to camera transformation matrices
    // x, y, z in last columns are in cms.
	"T_global2cam" :
    [
    	[   // camera 0
            [0.999805, 0.0161266, 0.0113891, 109.332],
            [0.0119848, -0.954182, 0.298987, 42.0652],
            [0.0156889, -0.298793, -0.954189, 194.907],
            [0, 0, 0, 1]
        ],
    	[   // camera 1
            [0.99382, -0.0588038, -0.0941438, -76.166],
            [-0.0424931, -0.985087, 0.166728, 72.3234],
            [-0.102544, -0.161697, -0.981498, 185.334],
            [0, 0, 0, 1]
        ], 
	    [   // camera 2
            [-0.999343, 0.0192037, 0.0307443, -106.376],
            [0.0209686, 0.998087, 0.058153, 96.3828],
            [-0.0295687, 0.0587595, -0.997834, 184.68],
            [0, 0, 0, 1]
        ],
	    [   // camera 3
            [-0.994763, 0.0277879, -0.0983602, 90.5076],
            [0.0232075, 0.998606, 0.0474097, 90.5699],
            [0.0995405, 0.0448787, -0.994021, 173.314],
            [0, 0, 0, 1]
        ]  
	],

    /* World Customization */

    // Transform from world origin to global origin (pose of global frame 
    // origin relative to world origin). The global origin corresponds to pose
    // of global marker used during extrinsic camera calibration. This is used to 
    // transform marker poses reported by each camera to pose in world frame.
    // x, y, z in last column are in meters.
    "T_global2world" : 
    [
        [1, 0, 0, 2.7],
        [0, 1, 0, 2.43],
        [0, 0, 1, 0],
        [0, 0, 0, 1]
    ],

	// Pose of object in the marker frame. Once the markers are fixed to the
    // object, these matrices need to be configured. These are used to get 
    // object pose from marker pose. Object frame is defined by 2D object model
    // used in the simulator.
    // x, y, z in last column are in meters.
    "T_sprite" : 
    [
	    [ 
            [1, 0, 0, 0.26],  
	        [0, 1, 0, 0],
	        [0, 0, 1, 0],
	        [0, 0, 0, 1] 
        ],	// Robot
	    [ 
            [0, -1, 0, 0.30],  
	        [1, 0, 0, -0.91],
	        [0, 0, 1, 0],
	        [0, 0, 0, 1] 
        ],	// Table
	    [ 
            [0, -1, 0, 0.50],  
	        [1, 0, 0, -0.25],
	        [0, 0, 1, 0],
	        [0, 0, 0, 1] 
        ]	// Chair
	]
}
