// Configuration
// These are configuration parametes that are used by camera processes and central process.
{
	// Number of cameras used
	"num_cameras" : 4,
	
	// Number of tags
	"num_object" : 3,
	
	// Object names
	"object_name" : ["robot", "table", "chair"],
	
	// Marker IDs
	"marker_id" : [1, 5, 6],

    // Length of edge of AR marker in cms
	"marker_size" : 20.3,

    // Set resolution in pixels. Some of possible values are 640x480, 960x720 
    // and others.
    "width" : 640,
    "height" : 480,

	// Calibration files for camera processes
	"cam_calib_name" : ["Data/camCalib0.xml",
	                    "Data/camCalib1.xml",
	                    "Data/camCalib2.xml",
	                    "Data/camCalib3.xml"],

	// Camera channel names for camera processes to publish data
	"cam_channel_name" : ["cam0_channel",
	                      "cam1_channel", 
	                      "cam2_channel", 
	                      "cam3_channel"],

	// Perception channel name
	"perception_channel" : "krang_vision",
	
	// Debug channel name
	"debug_channel" : "debug_channel",

	// Global to camera transformation matrices
    // x, y, z in last columns are in cms.
	"T_global2cam" :
    [
        

    	[   // camera 0
            [0.992547, 0.0543601, 0.109062, 15.9789],
            [0.023937, -0.964525, 0.262906, -27.187],
            [0.119484, -0.258336, -0.958638, 189.025],
            [0, 0, 0, 1]
        ],
    	[   // camera 1
            [-0.992213, 0.118691, -0.0377507, -94.5358],
            [0.117475, 0.992529, 0.0329473, 100.946],
            [0.0413792, 0.028256, -0.998744, 193.51],
            [0, 0, 0, 1]

        ], 
	    [   // camera 2
            [0.999031, -0.0399985, -0.018356, -95.0585],
            [-0.0367136, -0.987457, 0.15356, 79.458],
            [-0.0242679, -0.152737, -0.987969, 186.389],
            [0, 0, 0, 1]
        ],
	    [   // camera 3
            [0.995379, -0.0302338, 0.0911417, 88.298],
            [-0.0547738, -0.958351, 0.28029, -14.4904],
            [0.0788715, -0.283987, -0.955579, 178.002],
            [0, 0, 0, 1]
        ]  
	],

    /* World Customization */

    // Origin location (tag transforms are published in the origin frame)
    // Use this transform to customize the subjective "origin" on the
    // krang_vision channel.
    // x, y, z in last column are in which unit??
    "T_global2world" : 
    [
        [1, 0, 0, 0],  
        [0, 1, 0, 0],
        [0, 0, 1, 0],
        [0, 0, 0, 1] 
    ],

	// Marker to sprite matrices. Basically, pose of object in the marker 
    // frame. Once the markers are fixed to the object, these matrices need to
    // be configured. These are used to get object position in world frame
    // from marker position in world frame.
    // x, y, z in last column are in meters.
    "T_sprite" : 
    [
	    [ 
            [1, 0, 0, 0],  
	        [0, 1, 0, 0],
	        [0, 0, 1, 0],
	        [0, 0, 0, 1] 
        ],	// Robot
	    [ 
            [1, 0, 0, 0],  
	        [0, 1, 0, 0],
	        [0, 0, 1, 0],
	        [0, 0, 0, 1] 
        ],	// Table
	    [ 
            [1, 0, 0, 0],  
	        [0, 1, 0, 0],
	        [0, 0, 1, 0],
	        [0, 0, 0, 1] 
        ]	// Chair
	]
}
