<?xml version="1.0"?>
<opencv_storage>
<intrinsic_matrix type_id="opencv-matrix">
  <rows>3</rows>
  <cols>3</cols>
  <dt>d</dt>
  <data>
    4.3897926227004569e+02 0. 3.2312141557042429e+02 0.
    4.3741153823148449e+02 2.4441848805297946e+02 0. 0. 1.</data></intrinsic_matrix>
<distortion type_id="opencv-matrix">
  <rows>4</rows>
  <cols>1</cols>
  <dt>d</dt>
  <data>
    -9.7147404818301308e-03 -6.6482580868489363e-02
    1.2772058766752145e-02 1.2144231524936894e-02</data></distortion>
<width>640</width>
<height>480</height>
</opencv_storage>
