<?xml version="1.0"?>
<opencv_storage>
<intrinsic_matrix type_id="opencv-matrix">
  <rows>3</rows>
  <cols>3</cols>
  <dt>d</dt>
  <data>
    4.9309199682899339e+02 0. 2.8895597247153790e+02 0.
    4.8820391833737273e+02 2.1095952865693533e+02 0. 0. 1.</data></intrinsic_matrix>
<distortion type_id="opencv-matrix">
  <rows>4</rows>
  <cols>1</cols>
  <dt>d</dt>
  <data>
    -1.2515905552794509e-02 -6.3055936494802123e-02
    -1.0654077032164772e-02 -1.4969172362420112e-02</data></distortion>
<width>640</width>
<height>480</height>
</opencv_storage>
