<?xml version="1.0"?>
<opencv_storage>
<intrinsic_matrix type_id="opencv-matrix">
  <rows>3</rows>
  <cols>3</cols>
  <dt>d</dt>
  <data>
    4.3625231121186567e+02 0. 3.0835341174328357e+02 0.
    4.3386016008773578e+02 2.2025505256235746e+02 0. 0. 1.</data></intrinsic_matrix>
<distortion type_id="opencv-matrix">
  <rows>4</rows>
  <cols>1</cols>
  <dt>d</dt>
  <data>
    -8.2046226044021189e-02 -7.4211800576025272e-03
    -6.5226279731611632e-03 -4.5237611322950877e-04</data></distortion>
<width>640</width>
<height>480</height>
</opencv_storage>
