<?xml version="1.0"?>
<opencv_storage>
<intrinsic_matrix type_id="opencv-matrix">
  <rows>3</rows>
  <cols>3</cols>
  <dt>d</dt>
  <data>
    5.1091037705170919e+02 0. 2.8997056766953369e+02 0.
    5.0158041092794008e+02 2.4788049207058515e+02 0. 0. 1.</data></intrinsic_matrix>
<distortion type_id="opencv-matrix">
  <rows>4</rows>
  <cols>1</cols>
  <dt>d</dt>
  <data>
    4.8252472735247097e-02 -1.0651445094413164e-01
    4.2209329169406555e-03 -1.7484344356767351e-02</data></distortion>
<width>640</width>
<height>480</height>
</opencv_storage>
