<?xml version="1.0"?>
<opencv_storage>
<intrinsic_matrix type_id="opencv-matrix">
  <rows>3</rows>
  <cols>3</cols>
  <dt>d</dt>
  <data>
    4.9577470104647085e+02 0. 3.1262803923324435e+02 0.
    4.9347364801027311e+02 2.4180597822735888e+02 0. 0. 1.</data></intrinsic_matrix>
<distortion type_id="opencv-matrix">
  <rows>4</rows>
  <cols>1</cols>
  <dt>d</dt>
  <data>
    2.3329133798954856e-02 -1.3109545730463873e-01
    4.8782753907406192e-03 -1.7738948629718895e-03</data></distortion>
<width>640</width>
<height>480</height>
</opencv_storage>
