<?xml version="1.0"?>
<opencv_storage>
<intrinsic_matrix type_id="opencv-matrix">
  <rows>3</rows>
  <cols>3</cols>
  <dt>d</dt>
  <data>
    5.0569827743413941e+02 0. 3.1974233706724789e+02 0.
    5.0542479952946928e+02 1.9367260147002455e+02 0. 0. 1.</data></intrinsic_matrix>
<distortion type_id="opencv-matrix">
  <rows>4</rows>
  <cols>1</cols>
  <dt>d</dt>
  <data>
    -4.2114708496254497e-02 -6.4298828165236799e-03
    -2.1256061214178439e-02 2.6352458564429197e-03</data></distortion>
<width>640</width>
<height>480</height>
</opencv_storage>
