<?xml version="1.0"?>
<opencv_storage>
<intrinsic_matrix type_id="opencv-matrix">
  <rows>3</rows>
  <cols>3</cols>
  <dt>d</dt>
  <data>
    4.7118077712427913e+02 0. 3.0452096066220770e+02 0.
    4.7096927062606750e+02 2.0523797972952124e+02 0. 0. 1.</data></intrinsic_matrix>
<distortion type_id="opencv-matrix">
  <rows>4</rows>
  <cols>1</cols>
  <dt>d</dt>
  <data>
    -1.1140972515111315e-02 -9.4012402698260139e-02
    -1.3300982752464621e-02 -7.8952272537446532e-03</data></distortion>
<width>640</width>
<height>480</height>
</opencv_storage>
