<?xml version="1.0"?>
<opencv_storage>
<intrinsic_matrix type_id="opencv-matrix">
  <rows>3</rows>
  <cols>3</cols>
  <dt>d</dt>
  <data>
    4.9338796618702247e+02 0. 3.1425974873603832e+02 0.
    4.9884362700945047e+02 2.0453972490937184e+02 0. 0. 1.</data></intrinsic_matrix>
<distortion type_id="opencv-matrix">
  <rows>4</rows>
  <cols>1</cols>
  <dt>d</dt>
  <data>
    -7.3343122005198810e-03 -8.4895862712218717e-02
    -1.8505864209429419e-02 2.2927001681469293e-04</data></distortion>
<width>640</width>
<height>480</height>
</opencv_storage>
