<?xml version="1.0"?>
<opencv_storage>
<intrinsic_matrix type_id="opencv-matrix">
  <rows>3</rows>
  <cols>3</cols>
  <dt>d</dt>
  <data>
    4.8309174173857076e+02 0. 3.0954021258453849e+02 0.
    4.8447302777170353e+02 2.1504163166130289e+02 0. 0. 1.</data></intrinsic_matrix>
<distortion type_id="opencv-matrix">
  <rows>4</rows>
  <cols>1</cols>
  <dt>d</dt>
  <data>
    -3.2960241410539076e-02 -7.6406543720507494e-02
    -1.0486950151347173e-02 1.5079778672175926e-03</data></distortion>
<width>640</width>
<height>480</height>
</opencv_storage>
