<?xml version="1.0"?>
<opencv_storage>
<intrinsic_matrix type_id="opencv-matrix">
  <rows>3</rows>
  <cols>3</cols>
  <dt>d</dt>
  <data>
    5.1701373107517531e+02 0. 3.1386126474275926e+02 0.
    5.1519790248292156e+02 2.3822202264350540e+02 0. 0. 1.</data></intrinsic_matrix>
<distortion type_id="opencv-matrix">
  <rows>4</rows>
  <cols>1</cols>
  <dt>d</dt>
  <data>
    1.5712212897137107e-02 -8.9147848825090761e-02
    -1.6461904193291926e-04 -4.8183830827017203e-04</data></distortion>
<width>640</width>
<height>480</height>
</opencv_storage>
