<?xml version="1.0"?>
<opencv_storage>
<intrinsic_matrix type_id="opencv-matrix">
  <rows>3</rows>
  <cols>3</cols>
  <dt>d</dt>
  <data>
    5.2959899065295167e+02 0. 2.9168263684965387e+02 0.
    5.2835407263535546e+02 2.2524417455318806e+02 0. 0. 1.</data></intrinsic_matrix>
<distortion type_id="opencv-matrix">
  <rows>4</rows>
  <cols>1</cols>
  <dt>d</dt>
  <data>
    5.0860881598161677e-02 -1.6832915555738523e-01
    -2.4240361863028361e-03 -2.3742931296301629e-03</data></distortion>
<width>640</width>
<height>480</height>
</opencv_storage>
