# oST version 5.0 parameters


[image]

width
1600

height
1200

[narrow_stereo/left]

camera matrix
1336.140857 0.000000 774.318646
0.000000 1347.151604 570.432850
0.000000 0.000000 1.000000

distortion
0.056934 -0.201854 -0.002387 -0.006623 0.000000

rectification
1.000000 0.000000 0.000000
0.000000 1.000000 0.000000
0.000000 0.000000 1.000000

projection
1324.938110 0.000000 761.660604 0.000000
0.000000 1351.875610 567.552007 0.000000
0.000000 0.000000 1.000000 0.000000

