# oST version 5.0 parameters


[image]

width
1600

height
1200

[narrow_stereo/left]

camera matrix
1374.750678 0.000000 749.390051
0.000000 1399.512957 544.303750
0.000000 0.000000 1.000000

distortion
0.040684 -0.088738 -0.007345 -0.009519 0.000000

rectification
1.000000 0.000000 0.000000
0.000000 1.000000 0.000000
0.000000 0.000000 1.000000

projection
1378.531616 0.000000 733.457132 0.000000
0.000000 1412.406250 535.836182 0.000000
0.000000 0.000000 1.000000 0.000000

