# oST version 5.0 parameters


[image]

width
1600

height
1200

[narrow_stereo/left]

camera matrix
1334.892303 0.000000 792.433392
0.000000 1343.794398 559.546137
0.000000 0.000000 1.000000

distortion
0.050461 -0.114833 -0.001907 -0.000552 0.000000

rectification
1.000000 0.000000 0.000000
0.000000 1.000000 0.000000
0.000000 0.000000 1.000000

projection
1338.667236 0.000000 790.945307 0.000000
0.000000 1349.988037 557.402538 0.000000
0.000000 0.000000 1.000000 0.000000

