# oST version 5.0 parameters


[image]

width
1600

height
1200

[narrow_stereo/left]

camera matrix
1326.164965 0.000000 790.254409
0.000000 1337.423175 593.441946
0.000000 0.000000 1.000000

distortion
0.051683 -0.121824 -0.003170 -0.000556 0.000000

rectification
1.000000 0.000000 0.000000
0.000000 1.000000 0.000000
0.000000 0.000000 1.000000

projection
1329.251587 0.000000 788.645818 0.000000
0.000000 1343.723877 590.294897 0.000000
0.000000 0.000000 1.000000 0.000000

