# oST version 5.0 parameters


[image]

width
1600

height
1200

[narrow_stereo/left]

camera matrix
1327.140344 0.000000 745.009870
0.000000 1336.574999 572.681061
0.000000 0.000000 1.000000

distortion
0.045446 -0.124696 -0.002311 -0.011698 0.000000

rectification
1.000000 0.000000 0.000000
0.000000 1.000000 0.000000
0.000000 0.000000 1.000000

projection
1319.644043 0.000000 724.840220 0.000000
0.000000 1348.205444 569.546224 0.000000
0.000000 0.000000 1.000000 0.000000

