ARTOOLKIT CONFIG: v4l2src device=/dev/video0 use-fixed-fps=false ! ffmpegcolorspace ! capsfilter caps=video/x-raw-rgb,bpp=24,width=640,height=480 ! identity name=artoolkit ! fakesink
Using config string from environment [v4l2src device=/dev/video0 use-fixed-fps=false ! ffmpegcolorspace ! capsfilter caps=video/x-raw-rgb,bpp=24,width=640,height=480 ! identity name=artoolkit ! fakesink].
libARvideo: GStreamer 0.10.36
libARvideo: GStreamer pipeline is PAUSED!
libARvideo: GStreamer negotiated 640x480
libARvideo: GStreamer pipeline is PLAYING!
libARvideo: GStreamer pipeline is PAUSED!
Image size (x,y) = (640,480)
*** Camera Parameter ***
--------------------------------------
SIZE = 640, 480
Distortion factor = 299.756020 217.721500 -25.427500 1.000000
551.41265 0.00000 293.38285 0.00000 
0.00000 564.96250 214.33447 0.00000 
0.00000 0.00000 1.00000 0.00000 
--------------------------------------
libARvideo: GStreamer pipeline is PLAYING!
TRANSFORMATION OF OBJECT 0
-0.0120709 0.99769 0.0668514 580.492 
0.996663 0.0174024 -0.0797527 1086.98 
-0.0807318 0.0656656 -0.99457 3069.35 
TRANSFORMATION OF OBJECT 0
0.00122834 0.99994 0.0108646 580.881 
0.999289 -0.000817956 -0.037697 1087.99 
-0.0376859 0.0109032 -0.99923 3071.97 
TRANSFORMATION OF OBJECT 0
0.00701698 0.999975 0.000970568 576.074 
0.999952 -0.00701023 -0.00679051 1079.96 
-0.00678353 0.00101817 -0.999976 3047.91 
TRANSFORMATION OF OBJECT 0
-0.0119045 0.994541 0.103667 579.917 
0.996056 0.0209109 -0.08623 1085.44 
-0.087927 0.102231 -0.990867 3064.57 
TRANSFORMATION OF OBJECT 0
-0.0208035 0.988649 0.148795 573.167 
0.996312 0.032892 -0.0792498 1072.94 
-0.0832444 0.146597 -0.985687 3029.22 
TRANSFORMATION OF OBJECT 0
-0.0157081 0.994898 0.0996509 578.684 
0.995986 0.0243525 -0.0861324 1083.48 
-0.0881198 0.097898 -0.991287 3058.98 
TRANSFORMATION OF OBJECT 0
0.000124309 0.999657 0.0261718 581.806 
0.998246 0.00142535 -0.0591841 1089.77 
-0.0592011 0.0261332 -0.997904 3076.27 
TRANSFORMATION OF OBJECT 0
-0.00215943 0.999756 0.0219839 580.04 
0.998653 0.00329576 -0.0517848 1086.56 
-0.0518446 0.0218425 -0.998416 3067.44 
TRANSFORMATION OF OBJECT 0
0.000425246 0.999938 0.011093 580.159 
0.999359 -2.79948e-05 -0.0357865 1086.7 
-0.035784 0.0111011 -0.999298 3067.73 
TRANSFORMATION OF OBJECT 0
-0.00376936 0.998884 0.0470738 581.6 
0.997227 0.00725372 -0.0740694 1089.24 
-0.0743283 0.046664 -0.996141 3075.42 
TRANSFORMATION OF OBJECT 0
-0.00866814 0.997576 0.0690452 580.429 
0.996648 0.0142362 -0.080565 1086.6 
-0.0813527 0.0681154 -0.994355 3067.5 
TRANSFORMATION OF OBJECT 0
-0.0122699 0.997919 0.0633007 579.835 
0.996918 0.0171141 -0.0765611 1085.83 
-0.0774851 0.0621662 -0.995053 3065.51 
TRANSFORMATION OF OBJECT 0
-0.00429619 0.999056 0.0432185 580.14 
0.99772 0.00719351 -0.0671085 1086.89 
-0.0673561 0.0428316 -0.996809 3068.4 
TRANSFORMATION OF OBJECT 0
-0.0174875 0.991499 0.12893 576.567 
0.996015 0.0285534 -0.0844859 1079.17 
-0.0874491 0.126939 -0.988048 3046.57 
TRANSFORMATION OF OBJECT 0
-0.00720468 0.996028 0.0887455 580.057 
0.995975 0.0150766 -0.0883547 1086.09 
-0.0893417 0.0877518 -0.992128 3066.36 
TRANSFORMATION OF OBJECT 0
-0.007525 0.998181 0.0598098 579.888 
0.996926 0.0121536 -0.0774052 1086.07 
-0.0779913 0.0590435 -0.995204 3066.22 
TRANSFORMATION OF OBJECT 0
-0.00566843 0.999097 0.0421047 580.758 
0.997405 0.00867057 -0.0714652 1087.63 
-0.0717658 0.0415903 -0.996554 3070.57 
TRANSFORMATION OF OBJECT 0
-0.0175072 0.994926 0.0990738 577.751 
0.995891 0.0261581 -0.0867047 1081.78 
-0.0888563 0.0971487 -0.991295 3054.15 
TRANSFORMATION OF OBJECT 0
-0.00471468 0.999163 0.0406402 581.814 
0.997621 0.007495 -0.0685346 1089.3 
-0.0687818 0.0402204 -0.996821 3075.6 
TRANSFORMATION OF OBJECT 0
-0.00676035 0.998228 0.0591127 581.546 
0.996464 0.0116755 -0.0832031 1089.01 
-0.0837459 0.0583412 -0.994778 3074.57 
TRANSFORMATION OF OBJECT 0
-0.0136545 0.993177 0.115815 576.809 
0.995395 0.0244915 -0.092672 1080.14 
-0.0948761 0.114016 -0.988938 3048.99 
TRANSFORMATION OF OBJECT 0
-0.000336718 0.999375 0.0353509 581.651 
0.997743 0.00270963 -0.0670979 1089.56 
-0.0671517 0.0352486 -0.99712 3075.43 
TRANSFORMATION OF OBJECT 0
-0.0132392 0.996184 0.0862714 578.543 
0.996349 0.0204201 -0.0828934 1083.16 
-0.0843387 0.084859 -0.992817 3058.33 
TRANSFORMATION OF OBJECT 0
-0.015732 0.994407 0.104433 577.923 
0.995799 0.0250048 -0.088085 1081.83 
-0.0902037 0.102609 -0.990623 3054.35 
TRANSFORMATION OF OBJECT 0
-0.00267674 0.999883 0.0150458 580.229 
0.999049 0.00332871 -0.0434756 1086.68 
-0.0435206 0.0149151 -0.998941 3068.01 
TRANSFORMATION OF OBJECT 0
-0.0264223 0.987255 0.15694 573.676 
0.996329 0.0387955 -0.0763079 1073.51 
-0.0814239 0.154348 -0.984656 3030.85 
TRANSFORMATION OF OBJECT 0
-0.0258381 0.987217 0.157276 573.435 
0.996308 0.038316 -0.0768302 1072.87 
-0.0818742 0.15471 -0.984562 3029.06 
TRANSFORMATION OF OBJECT 0
-0.00365752 0.999049 0.0434554 579.55 
0.997664 0.00660979 -0.0679899 1085.94 
-0.0682125 0.0431052 -0.996739 3065.2 
TRANSFORMATION OF OBJECT 0
-0.0135058 0.995277 0.0961295 578.786 
0.996072 0.0218057 -0.0858217 1083.29 
-0.0875125 0.0945928 -0.991662 3058.5 
TRANSFORMATION OF OBJECT 0
-0.0048865 0.99907 0.0428454 580.693 
0.997622 0.00781596 -0.0684743 1087.71 
-0.0687454 0.0424089 -0.996732 3070.77 
TRANSFORMATION OF OBJECT 0
0.000202967 0.999943 0.0106587 579.498 
0.999353 0.00018053 -0.0359663 1085.53 
-0.0359662 0.0106591 -0.999296 3064.73 
TRANSFORMATION OF OBJECT 0
4.29982e-05 0.999655 0.0262499 581.516 
0.998352 0.0014633 -0.0573612 1089.33 
-0.0573798 0.0262091 -0.998008 3075.29 
TRANSFORMATION OF OBJECT 0
-0.0121992 0.997491 0.06973 580.205 
0.996362 0.0180086 -0.0833005 1086.48 
-0.0843473 0.0684601 -0.994082 3067.4 
TRANSFORMATION OF OBJECT 0
-0.0160643 0.993866 0.109416 579.343 
0.9954 0.0262338 -0.0921479 1084.3 
-0.0944531 0.107433 -0.989716 3061.37 
TRANSFORMATION OF OBJECT 0
-0.0181597 0.988866 0.147697 573.247 
0.996975 0.0290745 -0.0720802 1072.41 
-0.0755719 0.145941 -0.986403 3028.38 
TRANSFORMATION OF OBJECT 0
-0.0170942 0.996601 0.0805827 580.117 
0.996091 0.0239604 -0.0850252 1085.44 
-0.086667 0.0788142 -0.993115 3064.6 
