ARTOOLKIT CONFIG: v4l2src device=/dev/video0 use-fixed-fps=false ! ffmpegcolorspace ! capsfilter caps=video/x-raw-rgb,bpp=24,width=640,height=480 ! identity name=artoolkit ! fakesink
Using config string from environment [v4l2src device=/dev/video0 use-fixed-fps=false ! ffmpegcolorspace ! capsfilter caps=video/x-raw-rgb,bpp=24,width=640,height=480 ! identity name=artoolkit ! fakesink].
libARvideo: GStreamer 0.10.36
libARvideo: GStreamer pipeline is PAUSED!
libARvideo: GStreamer negotiated 640x480
libARvideo: GStreamer pipeline is PLAYING!
libARvideo: GStreamer pipeline is PAUSED!
Image size (x,y) = (640,480)
*** Camera Parameter ***
--------------------------------------
SIZE = 640, 480
Distortion factor = 323.511486 225.986618 -51.636250 1.000000
538.41699 0.00000 327.23695 0.00000 
0.00000 546.59946 224.87714 0.00000 
0.00000 0.00000 1.00000 0.00000 
--------------------------------------
libARvideo: GStreamer pipeline is PLAYING!
TRANSFORMATION OF OBJECT 0
-0.0598356 0.940622 0.33414 396.46 
0.995736 0.0326978 0.0862637 914.043 
0.0702159 0.337877 -0.938567 2721.76 
TRANSFORMATION OF OBJECT 0
-0.0171264 0.981312 0.191662 404.501 
0.982125 -0.0194262 0.187222 934.204 
0.187447 0.191443 -0.963438 2779.93 
TRANSFORMATION OF OBJECT 0
-0.0418047 0.953578 0.298232 406.837 
0.995857 0.0156414 0.0895822 938.801 
0.0807588 0.300741 -0.95028 2794.31 
TRANSFORMATION OF OBJECT 0
-0.0419726 0.962441 0.268227 402.484 
0.987616 -0.000654051 0.156891 929.166 
0.151173 0.27149 -0.950494 2764.86 
TRANSFORMATION OF OBJECT 0
-0.0486991 0.952957 0.299169 410.688 
0.998766 0.0435416 0.0238853 948.077 
0.0097354 0.299963 -0.953901 2822.87 
TRANSFORMATION OF OBJECT 0
-0.0582505 0.945364 0.320771 391.545 
0.988964 0.0107997 0.147763 903.146 
0.136225 0.325838 -0.93556 2687.48 
TRANSFORMATION OF OBJECT 0
-0.0427467 0.950512 0.307732 409.057 
0.99823 0.0278859 0.05253 944.215 
0.0413491 0.309433 -0.950022 2810.62 
TRANSFORMATION OF OBJECT 0
-0.0445078 0.957569 0.284748 405.419 
0.992764 0.010575 0.119613 935.725 
0.111526 0.288011 -0.951111 2785.25 
TRANSFORMATION OF OBJECT 0
-0.0558069 0.952671 0.298836 392.856 
0.987921 0.00935311 0.154674 906.102 
0.144559 0.303859 -0.941686 2696.71 
TRANSFORMATION OF OBJECT 0
-0.0130039 0.987061 0.159814 408.381 
0.982954 -0.0166949 0.183094 942.77 
0.183393 0.159471 -0.970019 2805.76 
TRANSFORMATION OF OBJECT 0
-0.0363153 0.966884 0.252619 401.897 
0.983707 -0.00995156 0.179502 927.739 
0.176072 0.255022 -0.95077 2760.92 
TRANSFORMATION OF OBJECT 0
-0.0448953 0.957676 0.284326 402.583 
0.990985 0.0067311 0.133805 929.28 
0.126228 0.28777 -0.949344 2765.67 
TRANSFORMATION OF OBJECT 0
-0.046987 0.954065 0.295892 402.802 
0.992147 0.0102003 0.124661 929.314 
0.115917 0.299426 -0.947052 2766.29 
TRANSFORMATION OF OBJECT 0
-0.0418716 0.961477 0.271679 397.364 
0.985177 -0.00554136 0.171449 917.442 
0.166349 0.27483 -0.946993 2729.95 
TRANSFORMATION OF OBJECT 0
-0.0303338 0.970122 0.240715 399.865 
0.982022 -0.0159647 0.188091 922.914 
0.186314 0.242092 -0.952197 2746.51 
TRANSFORMATION OF OBJECT 0
-0.0440584 0.948309 0.314276 406.503 
0.998512 0.0316771 0.0443975 937.827 
0.0321472 0.315764 -0.948293 2792.4 
TRANSFORMATION OF OBJECT 0
-0.0542549 0.953463 0.296588 396.328 
0.98815 0.00855691 0.153254 914.958 
0.143584 0.301388 -0.942629 2722.39 
TRANSFORMATION OF OBJECT 0
-0.0383022 0.953858 0.297804 410.519 
0.99925 0.0382691 0.00594386 946.549 
-0.0057271 0.297808 -0.954609 2818.26 
TRANSFORMATION OF OBJECT 0
-0.0541647 0.947051 0.31648 392.219 
0.990341 0.0104376 0.13826 904.109 
0.127636 0.320912 -0.938469 2691.74 
TRANSFORMATION OF OBJECT 0
-0.0534661 0.948411 0.312503 396.194 
0.991497 0.0132397 0.129454 914.411 
0.118638 0.316767 -0.941054 2721.51 
TRANSFORMATION OF OBJECT 0
-0.0421273 0.949152 0.311988 406.208 
0.998279 0.0272397 0.0519259 937.727 
0.0407871 0.313638 -0.948666 2790.69 
TRANSFORMATION OF OBJECT 0
-0.0230548 0.980895 0.193167 402.938 
0.98101 -0.0150238 0.193376 930.368 
0.192583 0.193957 -0.961921 2767.54 
TRANSFORMATION OF OBJECT 0
-0.0424479 0.963398 0.264693 406.9 
0.987991 0.00108097 0.154506 939.502 
0.148565 0.268073 -0.951875 2796.15 
TRANSFORMATION OF OBJECT 0
-0.0555745 0.953398 0.296554 394.098 
0.985931 0.0055055 0.167065 909.027 
0.157646 0.301666 -0.94029 2705.18 
TRANSFORMATION OF OBJECT 0
-0.0462549 0.949579 0.310098 402.199 
0.994888 0.0158947 0.0997271 928.374 
0.0897698 0.313126 -0.94546 2762.56 
TRANSFORMATION OF OBJECT 0
-0.0541984 0.947803 0.314217 401.131 
0.995036 0.0249608 0.0963391 925.512 
0.0834673 0.317878 -0.94445 2754.77 
TRANSFORMATION OF OBJECT 0
-0.0332388 0.968015 0.248679 402.256 
0.985778 -0.00925802 0.167798 928.17 
0.164734 0.25072 -0.95394 2762.19 
