<?xml version="1.0"?>
<opencv_storage>
<intrinsic_matrix type_id="opencv-matrix">
  <rows>3</rows>
  <cols>3</cols>
  <dt>d</dt>
  <data>
    5.2459758949177376e+02 0. 3.1727408851624295e+02 0.
    5.2161488891256704e+02 2.2701831036680397e+02 0. 0. 1.</data></intrinsic_matrix>
<distortion type_id="opencv-matrix">
  <rows>4</rows>
  <cols>1</cols>
  <dt>d</dt>
  <data>
    2.4544763490318530e-02 -6.5975988372939012e-02
    -4.2750517250629111e-04 4.7903301696153588e-03</data></distortion>
<width>640</width>
<height>480</height>
</opencv_storage>
