<?xml version="1.0"?>
<opencv_storage>
<intrinsic_matrix type_id="opencv-matrix">
  <rows>3</rows>
  <cols>3</cols>
  <dt>d</dt>
  <data>
    5.3189314136817575e+02 0. 3.1644070038584516e+02 0.
    5.3047260730873927e+02 2.3074050856013488e+02 0. 0. 1.</data></intrinsic_matrix>
<distortion type_id="opencv-matrix">
  <rows>4</rows>
  <cols>1</cols>
  <dt>d</dt>
  <data>
    5.6827417200335718e-02 -1.8398429528181653e-01
    9.8834566244098494e-04 -2.7394216505147117e-03</data></distortion>
<width>640</width>
<height>480</height>
</opencv_storage>
