<?xml version="1.0"?>
<opencv_storage>
<intrinsic_matrix type_id="opencv-matrix">
  <rows>3</rows>
  <cols>3</cols>
  <dt>d</dt>
  <data>
    5.2911462812567447e+02 0. 3.1773857382222144e+02 0.
    5.2722276398619420e+02 2.2936921273712619e+02 0. 0. 1.</data></intrinsic_matrix>
<distortion type_id="opencv-matrix">
  <rows>4</rows>
  <cols>1</cols>
  <dt>d</dt>
  <data>
    6.7174331851652475e-02 -2.3947180719672304e-01
    -3.7761586439752060e-03 -2.3570439491474617e-03</data></distortion>
<width>640</width>
<height>480</height>
</opencv_storage>
