<?xml version="1.0"?>
<opencv_storage>
<intrinsic_matrix type_id="opencv-matrix">
  <rows>3</rows>
  <cols>3</cols>
  <dt>d</dt>
  <data>
    5.2597086085839089e+02 0. 2.9062677366883310e+02 0.
    5.2232246973757594e+02 2.2833171384143452e+02 0. 0. 1.</data></intrinsic_matrix>
<distortion type_id="opencv-matrix">
  <rows>4</rows>
  <cols>1</cols>
  <dt>d</dt>
  <data>
    4.9988843921869829e-02 -1.5779980006044431e-01
    3.5799815030479556e-03 -4.1626381707810791e-03</data></distortion>
<width>640</width>
<height>480</height>
</opencv_storage>
