<?xml version="1.0"?>
<opencv_storage>
<intrinsic_matrix type_id="opencv-matrix">
  <rows>3</rows>
  <cols>3</cols>
  <dt>d</dt>
  <data>
    5.3460784105808659e+02 0. 2.9727663269701117e+02 0.
    5.3342005780987733e+02 2.2284723368306507e+02 0. 0. 1.</data></intrinsic_matrix>
<distortion type_id="opencv-matrix">
  <rows>4</rows>
  <cols>1</cols>
  <dt>d</dt>
  <data>
    7.7706751372960292e-02 -2.2805325117570494e-01
    1.4417440792883931e-03 3.2094295958963741e-03</data></distortion>
<width>640</width>
<height>480</height>
</opencv_storage>
