<?xml version="1.0"?>
<opencv_storage>
<intrinsic_matrix type_id="opencv-matrix">
  <rows>3</rows>
  <cols>3</cols>
  <dt>d</dt>
  <data>
    5.3300788468452481e+02 0. 2.8905233210901105e+02 0.
    5.2750581511341170e+02 2.2457548241131087e+02 0. 0. 1.</data></intrinsic_matrix>
<distortion type_id="opencv-matrix">
  <rows>4</rows>
  <cols>1</cols>
  <dt>d</dt>
  <data>
    3.3261569048081481e-02 -1.0725964157884069e-01
    -2.5391877901656638e-03 -8.8348907492422676e-04</data></distortion>
<width>640</width>
<height>480</height>
</opencv_storage>
