<?xml version="1.0"?>
<opencv_storage>
<intrinsic_matrix type_id="opencv-matrix">
  <rows>3</rows>
  <cols>3</cols>
  <dt>d</dt>
  <data>
    5.1961693372148363e+02 0. 3.0475598305084679e+02 0.
    5.1527302104083992e+02 2.2800463396352751e+02 0. 0. 1.</data></intrinsic_matrix>
<distortion type_id="opencv-matrix">
  <rows>4</rows>
  <cols>1</cols>
  <dt>d</dt>
  <data>
    1.8757101495435403e-02 -8.8467639941526011e-02
    -2.3790455488799252e-03 -3.5693402691264753e-03</data></distortion>
<width>640</width>
<height>480</height>
</opencv_storage>
