<?xml version="1.0"?>
<opencv_storage>
<intrinsic_matrix type_id="opencv-matrix">
  <rows>3</rows>
  <cols>3</cols>
  <dt>d</dt>
  <data>
    5.3446629866564695e+02 0. 3.1910557807683045e+02 0.
    5.2981106961277169e+02 2.2670980926395006e+02 0. 0. 1.</data></intrinsic_matrix>
<distortion type_id="opencv-matrix">
  <rows>4</rows>
  <cols>1</cols>
  <dt>d</dt>
  <data>
    1.8554773137731597e-02 -7.0562617116790821e-02
    4.2927750759229047e-03 7.4080154751516626e-04</data></distortion>
<width>640</width>
<height>480</height>
</opencv_storage>
