<?xml version="1.0"?>
<opencv_storage>
<intrinsic_matrix type_id="opencv-matrix">
  <rows>3</rows>
  <cols>3</cols>
  <dt>d</dt>
  <data>
    5.1469468931878362e+02 0. 3.0025202966865777e+02 0.
    5.1347324123665737e+02 2.3430355235695779e+02 0. 0. 1.</data></intrinsic_matrix>
<distortion type_id="opencv-matrix">
  <rows>4</rows>
  <cols>1</cols>
  <dt>d</dt>
  <data>
    1.0646311370524412e-02 -1.0282318407560601e-01
    -3.4522591931711059e-03 4.5987037431271860e-04</data></distortion>
<width>640</width>
<height>480</height>
</opencv_storage>
