<?xml version="1.0"?>
<opencv_storage>
<intrinsic_matrix type_id="opencv-matrix">
  <rows>3</rows>
  <cols>3</cols>
  <dt>d</dt>
  <data>
    5.3407677887132388e+02 0. 3.3461468642301401e+02 0.
    5.3429815123570302e+02 2.2196216875774792e+02 0. 0. 1.</data></intrinsic_matrix>
<distortion type_id="opencv-matrix">
  <rows>4</rows>
  <cols>1</cols>
  <dt>d</dt>
  <data>
    3.5394281979720651e-02 -1.1025085681266100e-01
    -5.9117300786409172e-03 1.0215423781860720e-02</data></distortion>
<width>640</width>
<height>480</height>
</opencv_storage>
