<?xml version="1.0"?>
<opencv_storage>
<intrinsic_matrix type_id="opencv-matrix">
  <rows>3</rows>
  <cols>3</cols>
  <dt>d</dt>
  <data>
    5.2660540754327826e+02 0. 3.2386094034251062e+02 0.
    5.2271197738362878e+02 2.3118383728143019e+02 0. 0. 1.</data></intrinsic_matrix>
<distortion type_id="opencv-matrix">
  <rows>4</rows>
  <cols>1</cols>
  <dt>d</dt>
  <data>
    1.5124615683061426e-02 -1.0032097118892583e-01
    1.6665216922505176e-03 7.3183220458603558e-04</data></distortion>
<width>640</width>
<height>480</height>
</opencv_storage>
