<?xml version="1.0"?>
<opencv_storage>
<intrinsic_matrix type_id="opencv-matrix">
  <rows>3</rows>
  <cols>3</cols>
  <dt>d</dt>
  <data>
    5.2700325411632150e+02 0. 3.0133706896975411e+02 0.
    5.2018056293571101e+02 2.3061427879846070e+02 0. 0. 1.</data></intrinsic_matrix>
<distortion type_id="opencv-matrix">
  <rows>4</rows>
  <cols>1</cols>
  <dt>d</dt>
  <data>
    6.0741987291335967e-02 -1.9160274965804328e-01
    -9.3066786436612255e-03 -6.0652180986491390e-03</data></distortion>
<width>640</width>
<height>480</height>
</opencv_storage>
