<?xml version="1.0"?>
<opencv_storage>
<intrinsic_matrix type_id="opencv-matrix">
  <rows>3</rows>
  <cols>3</cols>
  <dt>d</dt>
  <data>
    5.3281387959494077e+02 0. 3.0356918585068541e+02 0.
    5.3057367549378648e+02 2.4159332484690262e+02 0. 0. 1.</data></intrinsic_matrix>
<distortion type_id="opencv-matrix">
  <rows>4</rows>
  <cols>1</cols>
  <dt>d</dt>
  <data>
    6.5522474625791097e-02 -1.5926584957044029e-01
    -2.0862867703776290e-03 -7.1931790822463496e-03</data></distortion>
<width>640</width>
<height>480</height>
</opencv_storage>
