<?xml version="1.0"?>
<opencv_storage>
<intrinsic_matrix type_id="opencv-matrix">
  <rows>3</rows>
  <cols>3</cols>
  <dt>d</dt>
  <data>
    5.2352066405853782e+02 0. 3.0618044652949823e+02 0.
    5.2052402725255740e+02 2.2632241169584131e+02 0. 0. 1.</data></intrinsic_matrix>
<distortion type_id="opencv-matrix">
  <rows>4</rows>
  <cols>1</cols>
  <dt>d</dt>
  <data>
    3.0060020485594894e-02 -1.1192119262721641e-01
    -2.5023234417389717e-03 -3.2828580136810216e-03</data></distortion>
<width>640</width>
<height>480</height>
</opencv_storage>
