<?xml version="1.0"?>
<opencv_storage>
<intrinsic_matrix type_id="opencv-matrix">
  <rows>3</rows>
  <cols>3</cols>
  <dt>d</dt>
  <data>
    5.1814720793570507e+02 0. 2.9186117473037172e+02 0.
    5.1736143558196193e+02 2.3118749272807108e+02 0. 0. 1.</data></intrinsic_matrix>
<distortion type_id="opencv-matrix">
  <rows>4</rows>
  <cols>1</cols>
  <dt>d</dt>
  <data>
    4.2960613776881540e-02 -1.5588692934218593e-01
    -1.5758876593635427e-03 -6.0357600855601927e-04</data></distortion>
<width>640</width>
<height>480</height>
</opencv_storage>
