<?xml version="1.0"?>
<opencv_storage>
<intrinsic_matrix type_id="opencv-matrix">
  <rows>3</rows>
  <cols>3</cols>
  <dt>d</dt>
  <data>
    5.2925119165303863e+02 0. 2.9323480206448767e+02 0.
    5.2576393693091927e+02 2.3229460845428227e+02 0. 0. 1.</data></intrinsic_matrix>
<distortion type_id="opencv-matrix">
  <rows>4</rows>
  <cols>1</cols>
  <dt>d</dt>
  <data>
    4.1199026398178830e-02 -1.2140238028325159e-01
    5.0633216841233135e-03 -1.5160303309860086e-03</data></distortion>
<width>640</width>
<height>480</height>
</opencv_storage>
