<?xml version="1.0"?>
<opencv_storage>
<intrinsic_matrix type_id="opencv-matrix">
  <rows>3</rows>
  <cols>3</cols>
  <dt>d</dt>
  <data>
    5.3342492769118928e+02 0. 3.2156639283390484e+02 0.
    5.3249951677042759e+02 2.3392724690204179e+02 0. 0. 1.</data></intrinsic_matrix>
<distortion type_id="opencv-matrix">
  <rows>4</rows>
  <cols>1</cols>
  <dt>d</dt>
  <data>
    6.0449956822848046e-02 -1.5581797776202042e-01
    -3.1800545402696783e-03 3.2671350472801815e-03</data></distortion>
<width>640</width>
<height>480</height>
</opencv_storage>
